# guest clock (epoch s), HTTP status of GET https://127.0.0.1:2083/api/v1/panel/availability on the guest (or noanswer:<error class>), seconds the request took
1791641213.295 401 0.006
1791641213.795 401 0.003
1791641214.295 401 0.003
1791641214.795 401 0.002
1791641215.296 401 0.003
1791641215.796 401 0.002
1791641216.296 401 0.003
1791641216.796 401 0.002
1791641217.296 401 0.003
1791641217.797 401 0.005
1791641218.297 401 0.003
1791641218.797 401 0.004
1791641219.297 401 0.003
1791641219.798 401 0.003
1791641220.298 401 0.005
1791641220.798 401 0.003
1791641221.298 401 0.003
1791641221.798 401 0.003
1791641222.299 401 0.003
1791641222.799 401 0.005
1791641223.299 401 0.003
1791641223.800 401 0.003
1791641224.300 401 0.003
1791641224.800 401 0.004
1791641225.300 401 0.003
1791641225.801 401 0.006
1791641226.301 401 0.003
1791641226.801 401 0.003
1791641227.301 401 0.003
1791641227.802 401 0.004
1791641228.302 401 0.006
1791641228.802 401 0.003
1791641229.302 401 0.005
1791641229.802 401 0.003
1791641230.302 401 0.003
1791641230.803 401 0.005
1791641231.303 401 0.003
1791641231.803 401 0.003
1791641232.303 401 0.005
1791641232.804 401 0.007
1791641233.304 401 0.003
1791641233.804 401 0.003
1791641234.304 401 0.003
1791641234.804 401 0.003
1791641235.304 401 0.003
1791641235.805 401 0.002
1791641236.305 401 0.005
1791641236.805 401 0.003
1791641237.306 401 0.002
1791641237.806 401 0.003
1791641238.306 401 0.003
1791641238.806 401 0.003
1791641239.307 401 0.003
1791641239.807 401 0.003
1791641240.307 401 0.003
1791641240.807 401 0.003
1791641241.308 401 0.006
1791641241.808 401 0.003
1791641242.308 401 0.003
1791641242.809 401 0.002
1791641243.309 401 0.002
1791641243.809 401 0.005
1791641244.309 401 0.003
1791641244.810 401 0.003
1791641245.310 401 0.002
1791641245.810 401 0.003
1791641246.310 401 0.003
1791641246.811 401 0.005
1791641247.311 401 0.003
1791641247.811 401 0.003
1791641248.311 401 0.002
1791641248.811 401 0.003
1791641249.312 401 0.005
1791641249.812 401 0.003
1791641250.312 401 0.003
1791641250.812 401 0.002
1791641251.312 401 0.003
1791641251.813 401 0.005
1791641252.313 401 0.003
1791641252.813 401 0.003
1791641253.313 401 0.003
1791641253.814 401 0.003
1791641254.314 401 0.005
1791641254.814 401 0.003
1791641255.315 401 0.003
1791641255.815 401 0.003
1791641256.315 401 0.003
1791641256.815 401 0.003
1791641257.316 401 0.007
1791641257.816 401 0.003
1791641258.316 401 0.002
1791641258.816 401 0.003
1791641259.316 401 0.003
1791641259.817 401 0.003
1791641260.317 401 0.002
1791641260.817 401 0.003
1791641261.317 401 0.003
1791641261.818 401 0.003
1791641262.318 401 0.006
1791641262.819 401 0.003
1791641263.319 401 0.006
1791641263.819 401 0.003
1791641264.319 401 0.003
1791641264.820 401 0.005
1791641265.320 401 0.003
1791641265.820 401 0.003
1791641266.320 401 0.003
1791641266.820 401 0.002
1791641267.320 401 0.003
1791641267.821 401 0.006
1791641268.321 401 0.003
1791641268.821 401 0.003
1791641269.321 401 0.003
1791641269.822 401 0.004
1791641270.322 401 0.006
1791641270.822 401 0.003
1791641271.323 401 0.003
1791641271.823 401 0.003
1791641272.323 401 0.004
1791641272.824 401 0.006
1791641273.324 401 0.003
1791641273.824 401 0.002
1791641274.325 401 0.003
1791641274.825 401 0.002
1791641275.326 401 0.011
1791641275.826 401 0.003
1791641276.326 401 0.003
1791641276.826 401 0.003
1791641277.327 401 0.004
1791641277.827 401 0.003
1791641278.327 401 0.005
1791641278.829 401 0.006
1791641279.329 401 0.003
1791641279.829 401 0.002
1791641280.330 401 0.003
1791641280.830 401 0.003
1791641281.330 401 0.003
1791641281.830 401 0.003
1791641282.330 401 0.003
1791641282.831 401 0.002
1791641283.331 401 0.006
1791641283.831 401 0.003
1791641284.332 401 0.003
1791641284.832 401 0.003
1791641285.332 401 0.002
1791641285.833 401 0.008
1791641286.333 401 0.003
1791641286.833 401 0.003
1791641287.333 401 0.002
1791641287.833 401 0.003
1791641288.334 401 0.003
1791641288.834 401 0.006
1791641289.334 401 0.003
1791641289.834 401 0.002
1791641290.335 401 0.003
1791641290.835 401 0.003
1791641291.335 401 0.006
1791641291.836 401 0.007
1791641292.336 401 0.004
1791641292.836 401 0.003
1791641293.336 401 0.004
1791641293.837 401 0.010
1791641294.337 401 0.003
1791641294.837 401 0.003
1791641295.337 401 0.002
1791641295.838 401 0.004
1791641296.338 401 0.008
1791641296.838 401 0.003
1791641297.338 401 0.002
1791641297.839 401 0.003
1791641298.339 401 0.002
1791641298.839 401 0.003
1791641299.339 401 0.005
1791641299.840 401 0.002
1791641300.340 401 0.002
1791641300.840 401 0.002
1791641301.340 401 0.003
1791641301.840 401 0.005
1791641302.341 401 0.003
1791641302.841 401 0.003
1791641303.341 401 0.003
1791641303.841 401 0.003
1791641304.341 401 0.003
1791641304.842 401 0.004
1791641305.342 401 0.003
1791641305.842 401 0.003
1791641306.342 401 0.004
1791641306.843 401 0.005
1791641307.343 401 0.003
1791641307.843 401 0.003
1791641308.343 401 0.003
1791641308.843 401 0.003
1791641309.344 401 0.003
1791641309.844 401 0.005
1791641310.344 401 0.003
1791641310.844 401 0.003
1791641311.345 401 0.003
1791641311.845 401 0.002
1791641312.345 401 0.005
1791641312.845 401 0.003
1791641313.345 401 0.003
1791641313.846 401 0.002
1791641314.346 401 0.004
1791641314.846 401 0.003
1791641315.346 401 0.004
1791641315.847 401 0.003
1791641316.347 401 0.003
1791641316.847 401 0.003
1791641317.347 401 0.005
1791641317.847 401 0.003
1791641318.348 401 0.003
1791641318.848 401 0.003
1791641319.348 401 0.003
1791641319.848 401 0.003
1791641320.349 401 0.004
1791641320.849 401 0.003
1791641321.349 401 0.003
1791641321.849 401 0.003
1791641322.349 401 0.003
1791641322.850 401 0.004
1791641323.350 401 0.003
1791641323.850 401 0.003
1791641324.350 401 0.003
1791641324.850 401 0.003
1791641325.351 401 0.003
1791641325.851 401 0.004
1791641326.351 401 0.003
1791641326.851 401 0.003
1791641327.352 401 0.003
1791641327.852 401 0.005
1791641328.352 401 0.003
1791641328.852 401 0.003
1791641329.352 401 0.002
1791641329.853 401 0.002
1791641330.353 401 0.002
1791641330.853 401 0.005
1791641331.353 401 0.002
1791641331.853 401 0.003
1791641332.354 401 0.002
1791641332.854 401 0.003
1791641333.354 401 0.005
1791641333.854 401 0.003
1791641334.354 401 0.003
1791641334.854 401 0.003
1791641335.355 401 0.003
1791641335.855 401 0.003
1791641336.355 401 0.005
1791641336.856 401 0.003
1791641337.356 401 0.003
1791641337.856 401 0.002
1791641338.356 401 0.005
1791641338.857 401 0.003
1791641339.357 401 0.003
1791641339.857 401 0.003
1791641340.357 401 0.003
1791641340.857 401 0.002
1791641341.358 401 0.003
1791641341.858 401 0.003
1791641342.358 401 0.002
1791641342.858 401 0.003
1791641343.358 401 0.003
1791641343.859 401 0.004
1791641344.359 401 0.002
1791641344.859 401 0.003
1791641345.359 401 0.003
1791641345.859 401 0.003
1791641346.360 401 0.002
1791641346.860 401 0.005
1791641347.360 401 0.003
1791641347.860 401 0.002
1791641348.361 401 0.003
1791641348.861 401 0.005
1791641349.361 401 0.004
1791641349.861 401 0.003
1791641350.361 401 0.003
1791641350.862 401 0.003
1791641351.362 401 0.003
1791641351.862 401 0.006
1791641352.362 401 0.003
1791641352.863 401 0.003
1791641353.363 401 0.003
1791641353.863 401 0.003
1791641354.364 401 0.005
1791641354.864 401 0.003
1791641355.364 401 0.002
1791641355.864 401 0.003
1791641356.364 401 0.003
1791641356.864 401 0.003
1791641357.365 401 0.004
1791641357.865 401 0.003
1791641358.365 401 0.002
1791641358.865 401 0.002
1791641359.366 401 0.006
1791641359.866 401 0.003
1791641360.366 401 0.003
1791641360.867 401 0.003
1791641361.367 401 0.003
1791641361.867 401 0.003
1791641362.368 401 0.005
1791641362.868 401 0.003
1791641363.368 401 0.003
1791641363.868 401 0.005
1791641364.368 401 0.002
1791641364.869 401 0.005
1791641365.369 401 0.003
1791641365.869 401 0.003
1791641366.369 401 0.003
1791641366.870 401 0.003
1791641367.370 401 0.003
1791641367.870 401 0.005
1791641368.370 401 0.003
1791641368.871 401 0.003
1791641369.371 401 0.003
1791641369.871 401 0.005
1791641370.371 401 0.003
1791641370.872 401 0.003
1791641371.372 401 0.003
1791641371.872 401 0.002
1791641372.372 401 0.003
1791641372.872 401 0.005
1791641373.372 401 0.003
1791641373.873 401 0.003
1791641374.373 401 0.003
1791641374.873 401 0.002
1791641375.374 401 0.005
1791641375.874 401 0.003
1791641376.374 401 0.003
1791641376.874 401 0.003
1791641377.374 401 0.003
1791641377.875 401 0.003
1791641378.375 401 0.005
1791641378.875 401 0.003
1791641379.376 401 0.002
1791641379.876 401 0.003
1791641380.376 401 0.005
1791641380.876 401 0.003
1791641381.377 401 0.003
1791641381.877 401 0.003
1791641382.377 401 0.003
1791641382.877 401 0.003
1791641383.377 401 0.005
1791641383.878 401 0.003
1791641384.378 401 0.003
1791641384.878 401 0.003
1791641385.378 401 0.003
1791641385.879 401 0.005
1791641386.379 401 0.003
1791641386.879 401 0.004
1791641387.379 401 0.003
1791641387.880 401 0.003
1791641388.380 401 0.002
1791641388.880 401 0.005
1791641389.380 401 0.002
1791641389.881 401 0.003
1791641390.381 401 0.002
1791641390.881 401 0.006
1791641391.381 401 0.003
1791641391.881 401 0.003
1791641392.381 401 0.003
1791641392.882 401 0.003
1791641393.382 401 0.002
1791641393.883 401 0.006
1791641394.383 401 0.003
1791641394.883 401 0.002
1791641395.383 401 0.003
1791641395.883 401 0.002
1791641396.384 401 0.006
1791641396.884 401 0.003
1791641397.384 401 0.003
1791641397.884 401 0.002
1791641398.384 401 0.005
1791641398.885 401 0.004
1791641399.385 401 0.005
1791641399.885 401 0.003
1791641400.385 401 0.002
1791641400.886 401 0.003
1791641401.386 401 0.003
1791641401.886 401 0.003
1791641402.386 401 0.002
1791641402.886 401 0.003
1791641403.386 401 0.003
1791641403.887 401 0.003
1791641404.388 401 0.005
1791641404.888 401 0.002
1791641405.388 401 0.003
1791641405.888 401 0.002
1791641406.388 401 0.002
1791641406.889 401 0.005
1791641407.389 401 0.003
1791641407.889 401 0.003
1791641408.391 401 0.005
1791641408.891 401 0.003
1791641409.391 401 0.005
1791641409.892 401 0.003
1791641410.392 401 0.002
1791641410.892 401 0.003
1791641411.392 401 0.002
1791641411.893 401 0.005
1791641412.393 401 0.002
1791641412.893 401 0.003
1791641413.393 401 0.002
1791641413.893 401 0.003
1791641414.393 401 0.007
1791641414.894 401 0.004
1791641415.394 401 0.003
1791641415.894 401 0.003
1791641416.394 401 0.003
1791641416.895 401 0.002
1791641417.395 401 0.003
1791641417.895 401 0.005
1791641418.396 401 0.003
1791641418.896 401 0.005
1791641419.396 401 0.002
1791641419.897 401 0.005
1791641420.397 401 0.003
1791641420.897 401 0.003
1791641421.397 401 0.002
1791641421.898 401 0.004
1791641422.398 401 0.005
1791641422.899 401 0.005
1791641423.399 401 0.002
1791641423.900 401 0.005
1791641424.400 401 0.003
1791641424.900 401 0.005
1791641425.401 401 0.004
1791641425.901 401 0.004
1791641426.401 401 0.003
1791641426.902 401 0.008
1791641427.402 401 0.003
1791641427.903 401 0.005
1791641428.403 401 0.002
1791641428.904 401 0.005
1791641429.404 401 0.003
1791641429.904 401 0.005
1791641430.405 401 0.005
1791641430.905 401 0.005
1791641431.405 401 0.003
1791641431.906 401 0.004
1791641432.406 401 0.003
1791641432.907 401 0.005
1791641433.407 401 0.006
1791641433.908 401 0.021
1791641434.408 401 0.018
1791641434.909 401 0.008
1791641435.409 401 0.003
1791641435.910 401 0.005
1791641436.410 401 0.003
1791641436.910 401 0.005
1791641437.410 401 0.003
1791641437.911 401 0.005
1791641438.411 401 0.003
1791641438.912 401 0.004
1791641439.412 401 0.002
1791641439.912 401 0.005
1791641440.413 401 0.003
1791641440.913 401 0.005
1791641441.413 401 0.003
1791641441.914 401 0.006
1791641442.414 401 0.003
1791641442.914 401 0.005
1791641443.415 401 0.005
1791641443.916 401 0.005
1791641444.416 401 0.003
1791641444.917 401 0.005
1791641445.417 401 0.003
1791641445.917 401 0.004
1791641446.419 401 0.005
1791641446.919 401 0.005
1791641447.420 401 0.003
1791641447.920 401 0.005
1791641448.420 401 0.002
1791641448.921 401 0.005
1791641449.421 401 0.002
1791641449.922 401 0.006
1791641450.422 401 0.002
1791641450.922 401 0.006
1791641451.423 401 0.005
1791641451.923 401 0.005
1791641452.423 401 0.003
1791641452.924 401 0.005
1791641453.424 401 0.003
1791641453.925 401 0.005
1791641454.425 401 0.003
1791641454.926 401 0.007
1791641455.426 401 0.003
1791641455.926 401 0.004
1791641456.426 401 0.002
1791641456.927 401 0.005
1791641457.427 401 0.002
1791641457.928 401 0.005
1791641458.428 401 0.003
1791641458.928 401 0.005
1791641459.429 401 0.002
1791641459.929 401 0.006
1791641460.429 401 0.003
1791641460.930 401 0.005
1791641461.430 401 0.005
1791641461.931 401 0.005
1791641462.431 401 0.003
1791641462.931 401 0.005
1791641463.432 401 0.003
1791641463.932 401 0.005
1791641464.433 401 0.005
1791641464.933 401 0.004
1791641465.433 401 0.002
1791641465.934 401 0.004
1791641466.434 401 0.003
1791641466.934 401 0.005
1791641467.434 401 0.005
1791641467.935 401 0.005
1791641468.435 401 0.003
1791641468.936 401 0.004
1791641469.436 401 0.009
1791641469.936 401 0.003
1791641470.436 401 0.005
1791641470.937 401 0.004
1791641471.437 401 0.006
1791641471.937 401 0.004
1791641472.437 401 0.007
1791641472.938 401 0.003
1791641473.438 401 0.005
1791641473.938 401 0.004
1791641474.438 401 0.006
1791641474.940 401 0.005
1791641475.440 401 0.005
1791641475.940 401 0.003
1791641476.441 401 0.005
1791641476.941 401 0.003
1791641477.442 401 0.005
1791641477.942 401 0.005
1791641478.443 401 0.005
1791641478.943 401 0.003
1791641479.443 401 0.005
1791641479.944 401 0.005
1791641480.444 401 0.005
1791641480.945 401 0.003
1791641481.445 401 0.005
1791641481.945 401 0.003
1791641482.446 401 0.005
1791641482.947 401 0.005
1791641483.447 401 0.005
1791641483.947 401 0.003
1791641484.448 401 0.005
1791641484.948 401 0.005
1791641485.449 401 0.005
1791641485.949 401 0.003
1791641486.449 401 0.005
1791641486.950 401 0.002
1791641487.450 401 0.005
1791641487.950 401 0.003
1791641488.451 401 0.005
1791641488.951 401 0.003
1791641489.452 401 0.005
1791641489.952 401 0.002
1791641490.452 401 0.005
1791641490.952 401 0.003
1791641491.453 401 0.005
1791641491.953 401 0.003
1791641492.454 401 0.005
1791641492.954 401 0.003
1791641493.454 401 0.005
1791641493.955 401 0.003
1791641494.455 401 0.005
1791641494.956 401 0.003
1791641495.456 401 0.005
1791641495.957 401 0.005
1791641496.457 401 0.005
1791641496.957 401 0.003
1791641497.458 401 0.005
1791641497.958 401 0.003
1791641498.458 401 0.005
1791641498.959 401 0.003
1791641499.460 401 0.007
1791641499.960 401 0.002
1791641500.461 401 0.005
1791641500.962 401 0.005
1791641501.462 401 0.005
1791641501.962 401 0.003
1791641502.463 401 0.005
1791641502.963 401 0.003
1791641503.464 401 0.005
1791641503.964 401 0.006
1791641504.465 401 0.005
1791641504.965 401 0.003
1791641505.466 401 0.005
1791641505.966 401 0.003
1791641506.466 401 0.006
1791641506.966 401 0.003
1791641507.468 401 0.005
1791641507.968 401 0.003
1791641508.469 401 0.005
1791641508.969 401 0.003
1791641509.469 401 0.005
1791641509.970 401 0.003
1791641510.470 401 0.005
1791641510.970 401 0.003
1791641511.471 401 0.005
1791641511.971 401 0.003
1791641512.471 401 0.005
1791641512.971 401 0.003
1791641513.472 401 0.005
1791641513.972 401 0.004
1791641514.473 401 0.006
1791641514.973 401 0.003
1791641515.473 401 0.005
1791641515.974 401 0.003
1791641516.474 401 0.005
1791641516.975 401 0.003
1791641517.475 401 0.005
1791641517.975 401 0.003
1791641518.476 401 0.006
1791641518.976 401 0.003
1791641519.477 401 0.006
1791641519.977 401 0.002
1791641520.477 401 0.005
1791641520.977 401 0.003
1791641521.478 401 0.006
1791641521.979 401 0.005
1791641522.480 401 0.005
1791641522.980 401 0.003
1791641523.481 401 0.005
1791641523.981 401 0.003
1791641524.482 401 0.005
1791641524.982 401 0.005
1791641525.482 401 0.005
1791641525.982 401 0.003
1791641526.483 401 0.005
1791641526.983 401 0.003
1791641527.483 401 0.005
1791641527.984 401 0.002
1791641528.484 401 0.006
1791641528.984 401 0.002
1791641529.485 401 0.005
1791641529.985 401 0.005
1791641530.486 401 0.005
1791641530.986 401 0.003
1791641531.486 401 0.004
1791641531.986 401 0.002
1791641532.487 401 0.005
1791641532.987 401 0.003
1791641533.487 401 0.006
1791641533.988 401 0.003
1791641534.488 401 0.005
1791641534.988 401 0.003
1791641535.488 401 0.005
1791641535.989 401 0.003
1791641536.489 401 0.006
1791641536.989 401 0.003
1791641537.490 401 0.005
1791641537.990 401 0.002
1791641538.490 401 0.005
1791641538.990 401 0.003
1791641539.491 401 0.005
1791641539.991 401 0.003
1791641540.492 401 0.005
1791641540.992 401 0.002
1791641541.492 401 0.005
1791641541.992 401 0.003
1791641542.492 401 0.005
1791641542.993 401 0.004
1791641543.494 401 0.005
1791641543.994 401 0.003
1791641544.494 401 0.005
1791641544.994 401 0.003
1791641545.495 401 0.006
1791641545.996 401 0.005
1791641546.496 401 0.005
1791641546.996 401 0.003
1791641547.497 401 0.005
1791641547.997 401 0.005
1791641548.498 401 0.005
1791641548.998 401 0.003
1791641549.500 401 0.005
1791641550.000 401 0.003
1791641550.500 401 0.005
1791641551.001 401 0.005
1791641551.501 401 0.005
1791641552.002 401 0.002
1791641552.502 401 0.005
1791641553.002 401 0.002
1791641553.502 401 0.005
1791641554.003 401 0.003
1791641554.503 401 0.005
1791641555.003 401 0.003
1791641555.503 401 0.005
1791641556.004 401 0.002
1791641556.504 401 0.005
1791641557.004 401 0.003
1791641557.505 401 0.005
1791641558.005 401 0.003
1791641558.505 401 0.007
1791641559.005 401 0.003
1791641559.506 401 0.005
1791641560.006 401 0.003
1791641560.506 401 0.005
1791641561.007 401 0.003
1791641561.507 401 0.005
1791641562.007 401 0.003
1791641562.508 401 0.005
1791641563.008 401 0.003
1791641563.508 401 0.005
1791641564.009 401 0.005
1791641564.509 401 0.005
1791641565.009 401 0.006
1791641565.510 401 0.005
1791641566.011 401 0.002
1791641566.511 401 0.006
1791641567.011 401 0.005
1791641567.512 401 0.005
1791641568.012 401 0.002
1791641568.512 401 0.005
1791641569.013 401 0.005
1791641569.514 401 0.006
1791641570.014 401 0.003
1791641570.514 401 0.005
1791641571.014 401 0.003
1791641571.515 401 0.005
1791641572.015 401 0.005
1791641572.516 401 0.005
1791641573.016 401 0.008
1791641573.516 401 0.005
1791641574.017 401 0.003
1791641574.517 401 0.005
1791641575.017 401 0.003
1791641575.518 401 0.006
1791641576.018 401 0.003
1791641576.519 401 0.006
1791641577.019 401 0.003
1791641577.519 401 0.005
1791641578.019 401 0.003
1791641578.520 401 0.005
1791641579.020 401 0.003
1791641579.520 401 0.005
1791641580.021 401 0.003
1791641580.521 401 0.005
1791641581.021 401 0.003
1791641581.522 401 0.005
1791641582.022 401 0.003
1791641582.522 401 0.006
1791641583.023 401 0.003
1791641583.523 401 0.005
1791641584.023 401 0.003
1791641584.524 401 0.005
1791641585.024 401 0.005
1791641585.524 401 0.005
1791641586.025 401 0.003
1791641586.525 401 0.005
1791641587.026 401 0.003
1791641587.526 401 0.007
1791641588.026 401 0.003
1791641588.527 401 0.005
1791641589.027 401 0.003
1791641589.527 401 0.005
1791641590.028 401 0.005
1791641590.528 401 0.005
1791641591.028 401 0.003
1791641591.529 401 0.005
1791641592.029 401 0.003
1791641592.530 401 0.005
1791641593.030 401 0.005
1791641593.531 401 0.005
1791641594.031 401 0.003
1791641594.531 401 0.005
1791641595.031 401 0.003
1791641595.532 401 0.007
1791641596.032 401 0.005
1791641596.532 401 0.005
1791641597.032 401 0.002
1791641597.533 401 0.005
1791641598.033 401 0.003
1791641598.534 401 0.005
1791641599.034 401 0.003
1791641599.535 401 0.007
1791641600.035 401 0.003
1791641600.535 401 0.005
1791641601.035 401 0.003
1791641601.536 401 0.004
1791641602.036 401 0.002
1791641602.536 401 0.005
1791641603.037 401 0.004
1791641603.537 401 0.006
1791641604.037 401 0.003
1791641604.538 401 0.005
1791641605.038 401 0.003
1791641605.538 401 0.005
1791641606.039 401 0.005
1791641606.540 401 0.006
1791641607.040 401 0.005
1791641607.541 401 0.007
1791641608.041 401 0.003
1791641608.541 401 0.006
1791641609.041 401 0.005
1791641609.542 401 0.007
1791641610.042 401 0.003
1791641610.542 401 0.006
1791641611.043 401 0.003
1791641611.543 401 0.006
1791641612.043 401 0.003
1791641612.544 401 0.007
1791641613.044 401 0.003
1791641613.545 401 0.006
1791641614.046 401 0.004
1791641614.546 401 0.005
1791641615.047 401 0.002
1791641615.548 401 0.005
1791641616.048 401 0.003
1791641616.549 401 0.005
1791641617.049 401 0.003
1791641617.550 401 0.006
1791641618.051 401 0.002
1791641618.552 401 0.006
1791641619.052 401 0.005
1791641619.553 401 0.006
1791641620.054 401 0.003
1791641620.555 401 0.006
1791641621.055 401 0.004
1791641621.556 401 0.005
1791641622.056 401 0.003
1791641622.557 401 0.005
1791641623.057 401 0.002
1791641623.558 401 0.005
1791641624.058 401 0.003
1791641624.559 401 0.005
1791641625.060 401 0.002
1791641625.561 401 0.005
1791641626.061 401 0.003
1791641626.561 401 0.005
1791641627.062 401 0.003
1791641627.563 401 0.006
1791641628.063 401 0.002
1791641628.564 401 0.005
1791641629.064 401 0.002
1791641629.565 401 0.005
1791641630.065 401 0.003
1791641630.566 401 0.005
1791641631.067 401 0.003
1791641631.567 401 0.005
1791641632.068 401 0.004
1791641632.568 401 0.005
1791641633.069 401 0.003
1791641633.570 401 0.005
1791641634.070 401 0.003
1791641634.571 401 0.005
1791641635.071 401 0.005
1791641635.572 401 0.006
1791641636.072 401 0.003
1791641636.573 401 0.005
1791641637.074 401 0.005
1791641637.575 401 0.006
1791641638.075 401 0.002
1791641638.576 401 0.005
1791641639.076 401 0.002
1791641639.577 401 0.006
1791641640.078 401 0.006
1791641640.579 401 0.005
1791641641.079 401 0.003
1791641641.580 401 0.006
1791641642.080 401 0.003
1791641642.581 401 0.005
1791641643.081 401 0.002
1791641643.582 401 0.006
1791641644.082 401 0.002
1791641644.583 401 0.005
1791641645.083 401 0.003
1791641645.584 401 0.005
1791641646.084 401 0.003
1791641646.585 401 0.005
1791641647.085 401 0.003
1791641647.586 401 0.005
1791641648.086 401 0.003
1791641648.587 401 0.005
1791641649.087 401 0.003
1791641649.588 401 0.006
1791641650.089 401 0.002
1791641650.589 401 0.006
1791641651.090 401 0.002
1791641651.591 401 0.005
1791641652.091 401 0.003
1791641652.592 401 0.005
1791641653.092 401 0.004
1791641653.593 401 0.006
1791641654.093 401 0.002
1791641654.594 401 0.005
1791641655.094 401 0.003
1791641655.595 401 0.005
1791641656.095 401 0.003
1791641656.596 401 0.005
1791641657.097 401 0.003
1791641657.598 401 0.005
1791641658.099 401 0.005
1791641658.600 401 0.005
1791641659.100 401 0.004
1791641659.600 401 0.006
1791641660.101 401 0.002
1791641660.602 401 0.006
1791641661.103 401 0.006
1791641661.603 401 0.006
1791641662.104 401 0.003
1791641662.604 401 0.005
1791641663.104 401 0.003
1791641663.605 401 0.006
1791641664.105 401 0.003
1791641664.606 401 0.007
1791641665.106 401 0.003
1791641665.607 401 0.005
1791641666.107 401 0.002
1791641666.608 401 0.005
1791641667.108 401 0.003
1791641667.609 401 0.005
1791641668.109 401 0.003
1791641668.610 401 0.006
1791641669.110 401 0.003
1791641669.611 401 0.005
1791641670.112 401 0.003
1791641670.612 401 0.005
1791641671.112 401 0.003
1791641671.613 401 0.007
1791641672.113 401 0.002
1791641672.614 401 0.005
1791641673.114 401 0.003
1791641673.615 401 0.006
1791641674.116 401 0.006
1791641674.616 401 0.005
1791641675.117 401 0.003
1791641675.617 401 0.005
1791641676.117 401 0.002
1791641676.618 401 0.005
1791641677.118 401 0.004
1791641677.619 401 0.005
1791641678.119 401 0.003
1791641678.620 401 0.005
1791641679.120 401 0.008
1791641679.621 401 0.005
1791641680.121 401 0.002
1791641680.622 401 0.006
1791641681.122 401 0.003
1791641681.623 401 0.005
1791641682.123 401 0.005
1791641682.624 401 0.005
1791641683.124 401 0.002
1791641683.625 401 0.005
1791641684.125 401 0.003
1791641684.626 401 0.005
1791641685.126 401 0.003
1791641685.627 401 0.005
1791641686.127 401 0.003
1791641686.628 401 0.005
1791641687.128 401 0.003
1791641687.629 401 0.005
1791641688.129 401 0.003
1791641688.630 401 0.005
1791641689.130 401 0.003
1791641689.631 401 0.005
1791641690.131 401 0.002
1791641690.631 401 0.005
1791641691.132 401 0.002
1791641691.632 401 0.005
1791641692.133 401 0.003
1791641692.633 401 0.006
1791641693.134 401 0.003
1791641693.635 401 0.007
1791641694.135 401 0.003
1791641694.635 401 0.006
1791641695.136 401 0.005
1791641695.637 401 0.006
1791641696.137 401 0.002
1791641696.638 401 0.005
1791641697.138 401 0.003
1791641697.638 401 0.005
1791641698.139 401 0.003
1791641698.639 401 0.005
1791641699.140 401 0.003
1791641699.640 401 0.005
1791641700.141 401 0.006
1791641700.642 401 0.006
1791641701.142 401 0.003
1791641701.642 401 0.005
1791641702.143 401 0.006
1791641702.644 401 0.005
1791641703.144 401 0.003
1791641703.645 401 0.006
1791641704.146 401 0.005
1791641704.646 401 0.005
1791641705.146 401 0.003
1791641705.648 401 0.005
1791641706.149 401 0.005
1791641706.650 401 0.005
1791641707.150 401 0.003
1791641707.650 401 0.004
1791641708.151 401 0.005
1791641708.651 401 0.005
1791641709.152 401 0.002
1791641709.652 401 0.005
1791641710.153 401 0.005
1791641710.653 401 0.005
1791641711.154 401 0.002
1791641711.654 401 0.005
1791641712.155 401 0.005
1791641712.655 401 0.006
1791641713.155 401 0.002
1791641713.656 401 0.005
1791641714.157 401 0.005
1791641714.657 401 0.005
1791641715.158 401 0.003
1791641715.658 401 0.005
1791641716.158 401 0.003
1791641716.659 401 0.003
1791641717.159 401 0.003
1791641717.660 401 0.005
1791641718.160 401 0.005
1791641718.661 401 0.006
1791641719.161 401 0.003
1791641719.661 401 0.003
1791641720.162 401 0.005
1791641720.663 401 0.005
1791641721.163 401 0.003
1791641721.663 401 0.005
1791641722.164 401 0.002
1791641722.664 401 0.006
1791641723.164 401 0.003
1791641723.665 401 0.005
1791641724.165 401 0.005
1791641724.666 401 0.006
1791641725.166 401 0.003
1791641725.667 401 0.004
1791641726.167 401 0.005
1791641726.668 401 0.005
1791641727.168 401 0.002
1791641727.668 401 0.005
1791641728.168 401 0.003
1791641728.669 401 0.004
1791641729.169 401 0.005
1791641729.670 401 0.005
1791641730.170 401 0.003
1791641730.671 401 0.005
1791641731.171 401 0.003
1791641731.672 401 0.003
1791641732.172 401 0.003
1791641732.672 401 0.005
1791641733.173 401 0.003
1791641733.673 401 0.005
1791641734.173 401 0.003
1791641734.674 401 0.003
1791641735.174 401 0.002
1791641735.675 401 0.006
1791641736.175 401 0.002
1791641736.675 401 0.006
1791641737.175 401 0.004
1791641737.676 401 0.005
1791641738.176 401 0.002
1791641738.677 401 0.005
1791641739.177 401 0.003
1791641739.678 401 0.006
1791641740.178 401 0.003
1791641740.679 401 0.005
1791641741.179 401 0.003
1791641741.679 401 0.005
1791641742.180 401 0.005
1791641742.681 401 0.005
1791641743.181 401 0.002
1791641743.681 401 0.005
1791641744.182 401 0.003
1791641744.682 401 0.005
1791641745.183 401 0.005
1791641745.683 401 0.005
1791641746.183 401 0.003
1791641746.684 401 0.006
1791641747.184 401 0.005
1791641747.685 401 0.005
1791641748.185 401 0.003
1791641748.685 401 0.003
1791641749.185 401 0.003
1791641749.686 401 0.005
1791641750.186 401 0.006
1791641750.687 401 0.006
1791641751.187 401 0.009
1791641751.688 401 0.005
1791641752.188 401 0.002
1791641752.689 401 0.005
1791641753.189 401 0.003
1791641753.689 401 0.004
1791641754.189 401 0.003
1791641754.690 401 0.005
1791641755.190 401 0.003
1791641755.690 401 0.003
1791641756.190 401 0.003
1791641756.691 401 0.006
1791641757.191 401 0.002
1791641757.692 401 0.005
1791641758.192 401 0.003
1791641758.692 401 0.005
1791641759.192 401 0.002
1791641759.693 401 0.005
1791641760.193 401 0.003
1791641760.694 401 0.005
1791641761.194 401 0.003
1791641761.694 401 0.004
1791641762.194 401 0.003
1791641762.695 401 0.005
1791641763.196 401 0.005
1791641763.697 401 0.005
1791641764.197 401 0.003
1791641764.697 401 0.006
1791641765.198 401 0.003
1791641765.698 401 0.004
1791641766.198 401 0.004
1791641766.699 401 0.005
1791641767.199 401 0.003
1791641767.700 401 0.005
1791641768.200 401 0.005
1791641768.701 401 0.003
1791641769.201 401 0.003
1791641769.701 401 0.005
1791641770.202 401 0.003
1791641770.702 401 0.005
1791641771.203 401 0.005
1791641771.703 401 0.005
1791641772.204 401 0.003
1791641772.704 401 0.005
1791641773.204 401 0.002
1791641773.705 401 0.006
1791641774.205 401 0.002
1791641774.706 401 0.006
1791641775.206 401 0.003
1791641775.706 401 0.005
1791641776.207 401 0.007
1791641776.707 401 0.005
1791641777.207 401 0.003
1791641777.708 401 0.003
1791641778.208 401 0.003
1791641778.708 401 0.005
1791641779.208 401 0.003
1791641779.709 401 0.005
1791641780.209 401 0.003
1791641780.709 401 0.003
1791641781.210 401 0.002
1791641781.710 401 0.005
1791641782.210 401 0.003
1791641782.711 401 0.005
1791641783.211 401 0.002
1791641783.711 401 0.003
1791641784.212 401 0.005
1791641784.712 401 0.005
1791641785.212 401 0.004
1791641785.713 401 0.004
1791641786.213 401 0.002
1791641786.713 401 0.003
1791641787.214 401 0.005
1791641787.714 401 0.004
1791641788.214 401 0.003
1791641788.714 401 0.003
1791641789.215 401 0.005
1791641789.715 401 0.003
1791641790.216 401 0.002
1791641790.716 401 0.006
1791641791.216 401 0.003
1791641791.717 401 0.005
1791641792.217 401 0.003
1791641792.717 401 0.003
1791641793.218 401 0.002
1791641793.718 401 0.005
1791641794.219 401 0.005
1791641794.719 401 0.005
1791641795.219 401 0.002
1791641795.720 401 0.003
1791641796.220 401 0.003
1791641796.720 401 0.005
1791641797.221 401 0.006
1791641797.721 401 0.004
1791641798.221 401 0.002
1791641798.722 401 0.005
1791641799.222 401 0.003
1791641799.722 401 0.006
1791641800.223 401 0.002
1791641800.723 401 0.005
1791641801.223 401 0.003
1791641801.724 401 0.005
1791641802.224 401 0.002
1791641802.724 401 0.005
1791641803.224 401 0.003
1791641803.725 401 0.005
1791641804.225 401 0.003
1791641804.725 401 0.005
1791641805.226 401 0.003
1791641805.726 401 0.004
1791641806.226 401 0.003
1791641806.727 401 0.005
1791641807.227 401 0.003
1791641807.727 401 0.005
1791641808.227 401 0.002
1791641808.728 401 0.005
1791641809.228 401 0.002
1791641809.728 401 0.005
1791641810.229 401 0.004
1791641810.730 401 0.006
1791641811.230 401 0.003
1791641811.730 401 0.006
1791641812.231 401 0.003
1791641812.731 401 0.005
1791641813.232 401 0.005
1791641813.732 401 0.006
1791641814.232 401 0.003
1791641814.733 401 0.005
1791641815.233 401 0.005
1791641815.733 401 0.004
1791641816.234 401 0.003
1791641816.734 401 0.005
1791641817.234 401 0.002
1791641817.735 401 0.005
1791641818.235 401 0.005
1791641818.736 401 0.005
1791641819.236 401 0.002
1791641819.736 401 0.004
1791641820.236 401 0.002
1791641820.737 401 0.005
1791641821.237 401 0.003
1791641821.737 401 0.004
1791641822.237 401 0.003
1791641822.738 401 0.005
1791641823.238 401 0.003
1791641823.738 401 0.005
1791641824.239 401 0.003
1791641824.739 401 0.006
1791641825.239 401 0.003
1791641825.740 401 0.005
1791641826.240 401 0.002
1791641826.741 401 0.007
1791641827.241 401 0.003
1791641827.741 401 0.005
1791641828.242 401 0.005
1791641828.742 401 0.007
1791641829.242 401 0.003
1791641829.743 401 0.006
1791641830.243 401 0.003
1791641830.744 401 0.005
1791641831.244 401 0.005
1791641831.745 401 0.005
1791641832.245 401 0.004
1791641832.746 401 0.005
1791641833.246 401 0.003
1791641833.746 401 0.005
1791641834.246 401 0.004
1791641834.747 401 0.005
1791641835.247 401 0.003
1791641835.747 401 0.004
1791641836.248 401 0.006
1791641836.749 401 0.005
1791641837.249 401 0.003
1791641837.749 401 0.005
1791641838.249 401 0.003
1791641838.750 401 0.005
1791641839.251 401 0.008
1791641839.751 401 0.005
1791641840.251 401 0.003
1791641840.752 401 0.005
1791641841.252 401 0.002
1791641841.752 401 0.005
1791641842.252 401 0.005
1791641842.753 401 0.004
1791641843.253 401 0.003
1791641843.753 401 0.004
1791641844.254 401 0.002
1791641844.754 401 0.006
1791641845.254 401 0.003
1791641845.755 401 0.004
1791641846.255 401 0.003
1791641846.755 401 0.006
1791641847.255 401 0.004
1791641847.756 401 0.006
1791641848.256 401 0.003
1791641848.756 401 0.005
1791641849.257 401 0.003
1791641849.757 401 0.006
1791641850.257 401 0.003
1791641850.758 401 0.006
1791641851.258 401 0.002
1791641851.758 401 0.004
1791641852.258 401 0.004
1791641852.759 401 0.007
1791641853.259 401 0.002
1791641853.760 401 0.005
1791641854.260 401 0.003
1791641854.760 401 0.005
1791641855.261 401 0.005
1791641855.761 401 0.004
1791641856.261 401 0.003
1791641856.761 401 0.003
1791641857.262 401 0.008
1791641857.762 401 0.005
1791641858.262 401 0.003
1791641858.763 401 0.005
1791641859.263 401 0.003
1791641859.763 401 0.005
1791641860.264 401 0.004
1791641860.764 401 0.005
1791641861.264 401 0.003
1791641861.765 401 0.005
1791641862.265 401 0.003
1791641862.765 401 0.005
1791641863.266 401 0.003
1791641863.766 401 0.005
1791641864.266 401 0.003
1791641864.767 401 0.005
1791641865.267 401 0.003
1791641865.767 401 0.005
1791641866.267 401 0.002
1791641866.768 401 0.006
1791641867.268 401 0.003
1791641867.768 401 0.005
1791641868.269 401 0.007
1791641868.770 401 0.005
1791641869.270 401 0.003
1791641869.770 401 0.005
1791641870.271 401 0.003
1791641870.771 401 0.005
1791641871.271 401 0.004
1791641871.772 401 0.005
1791641872.272 401 0.003
1791641872.772 401 0.005
1791641873.272 401 0.004
1791641873.773 401 0.005
1791641874.273 401 0.003
1791641874.774 401 0.007
1791641875.274 401 0.003
1791641875.774 401 0.005
1791641876.274 401 0.003
1791641876.775 401 0.006
1791641877.275 401 0.003
1791641877.776 401 0.005
1791641878.276 401 0.003
1791641878.776 401 0.007
1791641879.276 401 0.003
1791641879.777 401 0.005
1791641880.277 401 0.002
1791641880.778 401 0.005
1791641881.278 401 0.003
1791641881.778 401 0.005
1791641882.278 401 0.004
1791641882.779 401 0.008
1791641883.279 401 0.005
1791641883.780 401 0.005
1791641884.280 401 0.005
1791641884.781 401 0.005
1791641885.281 401 0.002
1791641885.782 401 0.102
1791641886.283 401 0.083
1791641886.783 401 0.125
1791641887.285 401 0.006
1791641887.785 401 0.006
1791641888.285 401 0.003
1791641888.786 401 0.006
1791641889.286 401 0.007
1791641889.787 401 0.006
1791641890.287 401 0.003
1791641890.788 401 0.005
1791641891.288 401 0.003
1791641891.788 401 0.005
1791641892.289 401 0.003
1791641892.789 401 0.006
1791641893.289 401 0.003
1791641893.790 401 0.004
1791641894.290 401 0.009
1791641894.790 401 0.007
1791641895.291 401 0.003
1791641895.791 401 0.004
1791641896.291 401 0.003
1791641896.792 401 0.007
1791641897.292 401 0.003
1791641897.792 401 0.006
1791641898.292 401 0.002
1791641898.793 401 0.005
1791641899.293 401 0.003
1791641899.793 401 0.005
1791641900.293 401 0.002
1791641900.794 401 0.005
1791641901.294 401 0.003
1791641901.794 401 0.005
1791641902.295 401 0.002
1791641902.795 401 0.005
1791641903.295 401 0.003
1791641903.796 401 0.005
1791641904.296 401 0.003
1791641904.796 401 0.005
1791641905.297 401 0.005
1791641905.797 401 0.004
1791641906.297 401 0.003
1791641906.798 401 0.005
1791641907.298 401 0.002
1791641907.798 401 0.005
1791641908.299 401 0.005
1791641908.799 401 0.006
1791641909.299 401 0.003
1791641909.800 401 0.005
1791641910.300 401 0.005
1791641910.801 401 0.005
1791641911.301 401 0.002
1791641911.801 401 0.005
1791641912.301 401 0.003
1791641912.802 401 0.005
1791641913.302 401 0.003
1791641913.802 401 0.005
1791641914.302 401 0.003
1791641914.803 401 0.005
1791641915.303 401 0.003
1791641915.803 401 0.004
1791641916.303 401 0.003
1791641916.804 401 0.005
1791641917.304 401 0.002
1791641917.804 401 0.005
1791641918.304 401 0.003
1791641918.805 401 0.005
1791641919.305 401 0.003
1791641919.806 401 0.005
1791641920.306 401 0.003
1791641920.806 401 0.005
1791641921.306 401 0.003
1791641921.807 401 0.005
1791641922.307 401 0.003
1791641922.808 401 0.005
1791641923.308 401 0.003
1791641923.808 401 0.006
1791641924.309 401 0.003
1791641924.809 401 0.005
1791641925.309 401 0.003
1791641925.809 401 0.004
1791641926.310 401 0.005
1791641926.811 401 0.005
1791641927.311 401 0.003
1791641927.811 401 0.005
1791641928.312 401 0.002
1791641928.812 401 0.004
1791641929.313 401 0.003
1791641929.813 401 0.005
1791641930.313 401 0.003
1791641930.814 401 0.005
1791641931.315 401 0.005
1791641931.815 401 0.004
1791641932.315 401 0.003
1791641932.816 401 0.005
1791641933.316 401 0.002
1791641933.816 401 0.005
1791641934.317 401 0.006
1791641934.818 401 0.005
1791641935.318 401 0.003
1791641935.819 401 0.004
1791641936.319 401 0.003
1791641936.819 401 0.005
1791641937.320 401 0.003
1791641937.820 401 0.005
1791641938.320 401 0.003
1791641938.821 401 0.005
1791641939.321 401 0.003
1791641939.821 401 0.005
1791641940.322 401 0.002
1791641940.822 401 0.005
1791641941.322 401 0.002
1791641941.823 401 0.005
1791641942.323 401 0.003
1791641942.823 401 0.006
1791641943.324 401 0.003
1791641943.824 401 0.005
1791641944.324 401 0.003
1791641944.825 401 0.006
1791641945.325 401 0.003
1791641945.826 401 0.004
1791641946.326 401 0.003
1791641946.826 401 0.005
1791641947.327 401 0.005
1791641947.827 401 0.006
1791641948.328 401 0.003
1791641948.828 401 0.005
1791641949.328 401 0.002
1791641949.829 401 0.005
1791641950.329 401 0.003
1791641950.829 401 0.005
1791641951.329 401 0.003
1791641951.830 401 0.004
1791641952.331 401 0.006
1791641952.831 401 0.005
1791641953.332 401 0.002
1791641953.832 401 0.005
1791641954.332 401 0.003
1791641954.833 401 0.005
1791641955.333 401 0.006
1791641955.834 401 0.004
1791641956.334 401 0.002
1791641956.835 401 0.005
1791641957.335 401 0.002
1791641957.835 401 0.004
1791641958.335 401 0.003
1791641958.836 401 0.005
1791641959.336 401 0.003
1791641959.837 401 0.005
1791641960.337 401 0.006
1791641960.838 401 0.005
1791641961.338 401 0.003
1791641961.838 401 0.005
1791641962.338 401 0.003
1791641962.839 401 0.005
1791641963.339 401 0.003
1791641963.839 401 0.004
1791641964.340 401 0.003
1791641964.840 401 0.006
1791641965.340 401 0.002
1791641965.841 401 0.004
1791641966.341 401 0.003
1791641966.841 401 0.003
1791641967.341 401 0.003
1791641967.842 401 0.005
1791641968.342 401 0.006
1791641968.843 401 0.005
1791641969.343 401 0.003
1791641969.844 401 0.003
1791641970.344 401 0.003
1791641970.844 401 0.005
1791641971.344 401 0.003
1791641971.845 401 0.005
1791641972.345 401 0.003
1791641972.845 401 0.003
1791641973.346 401 0.005
1791641973.846 401 0.005
1791641974.346 401 0.003
1791641974.847 401 0.005
1791641975.347 401 0.003
1791641975.847 401 0.003
1791641976.348 401 0.004
1791641976.848 401 0.004
1791641977.348 401 0.003
1791641977.849 401 0.005
1791641978.349 401 0.003
1791641978.850 401 0.003
1791641979.350 401 0.003
1791641979.850 401 0.005
1791641980.351 401 0.003
1791641980.851 401 0.005
1791641981.352 401 0.005
1791641981.852 401 0.003
1791641982.352 401 0.002
1791641982.853 401 0.005
1791641983.353 401 0.003
1791641983.854 401 0.005
1791641984.354 401 0.003
1791641984.854 401 0.004
1791641985.354 401 0.003
1791641985.855 401 0.004
1791641986.355 401 0.003
1791641986.856 401 0.005
1791641987.356 401 0.003
1791641987.856 401 0.003
1791641988.356 401 0.003
1791641988.857 401 0.005
1791641989.357 401 0.005
1791641989.858 401 0.004
1791641990.358 401 0.003
1791641990.858 401 0.003
1791641991.358 401 0.003
1791641991.859 401 0.005
1791641992.359 401 0.003
1791641992.859 401 0.005
1791641993.360 401 0.002
1791641993.860 401 0.003
1791641994.360 401 0.005
1791641994.861 401 0.004
1791641995.361 401 0.003
1791641995.861 401 0.003
1791641996.361 401 0.003
1791641996.862 401 0.003
1791641997.362 401 0.005
1791641997.863 401 0.005
1791641998.363 401 0.003
1791641998.863 401 0.005
1791641999.364 401 0.005
1791641999.864 401 0.003
1791642000.364 401 0.002
1791642000.865 401 0.005
1791642001.365 401 0.002
1791642001.866 401 0.004
1791642002.366 401 0.003
1791642002.866 401 0.003
1791642003.366 401 0.003
1791642003.867 401 0.005
1791642004.367 401 0.003
1791642004.868 401 0.005
1791642005.368 401 0.003
1791642005.868 401 0.003
1791642006.368 401 0.003
1791642006.869 401 0.005
1791642007.369 401 0.003
1791642007.869 401 0.005
1791642008.370 401 0.003
1791642008.870 401 0.003
1791642009.370 401 0.003
1791642009.870 401 0.005
1791642010.371 401 0.003
1791642010.871 401 0.005
1791642011.371 401 0.003
1791642011.872 401 0.003
1791642012.372 401 0.002
1791642012.872 401 0.005
1791642013.373 401 0.003
1791642013.873 401 0.006
1791642014.373 401 0.003
1791642014.874 401 0.003
1791642015.374 401 0.005
1791642015.875 401 0.004
1791642016.375 401 0.003
1791642016.875 401 0.005
1791642017.376 401 0.003
1791642017.876 401 0.003
1791642018.376 401 0.005
1791642018.877 401 0.005
1791642019.377 401 0.002
1791642019.877 401 0.005
1791642020.378 401 0.005
1791642020.878 401 0.003
1791642021.378 401 0.003
1791642021.878 401 0.003
1791642022.378 401 0.003
1791642022.879 401 0.003
1791642023.379 401 0.006
1791642023.880 401 0.003
1791642024.380 401 0.003
1791642024.880 401 0.002
1791642025.380 401 0.003
1791642025.880 401 0.003
1791642026.381 401 0.003
1791642026.881 401 0.002
1791642027.381 401 0.003
1791642027.881 401 0.003
1791642028.381 401 0.004
1791642028.882 401 0.005
1791642029.382 401 0.003
1791642029.882 401 0.003
1791642030.382 401 0.003
1791642030.883 401 0.006
1791642031.383 401 0.003
1791642031.884 401 0.003
1791642032.384 401 0.002
1791642032.884 401 0.003
1791642033.384 401 0.002
1791642033.885 401 0.005
1791642034.385 401 0.003
1791642034.885 401 0.002
1791642035.385 401 0.003
1791642035.885 401 0.003
1791642036.386 401 0.004
1791642036.886 401 0.003
1791642037.386 401 0.003
1791642037.886 401 0.003
1791642038.386 401 0.003
1791642038.887 401 0.002
1791642039.387 401 0.005
1791642039.887 401 0.003
1791642040.388 401 0.003
1791642040.888 401 0.002
1791642041.389 401 0.005
1791642041.889 401 0.003
1791642042.389 401 0.002
1791642042.889 401 0.003
1791642043.389 401 0.004
1791642043.890 401 0.003
1791642044.390 401 0.006
1791642044.890 401 0.003
1791642045.391 401 0.003
1791642045.891 401 0.003
1791642046.391 401 0.003
1791642046.891 401 0.005
1791642047.392 401 0.003
1791642047.892 401 0.003
1791642048.392 401 0.004
1791642048.892 401 0.002
1791642049.392 401 0.003
1791642049.893 401 0.003
1791642050.393 401 0.003
1791642050.893 401 0.002
1791642051.393 401 0.003
1791642051.894 401 0.005
1791642052.394 401 0.002
1791642052.894 401 0.003
1791642053.394 401 0.003
1791642053.895 401 0.002
1791642054.395 401 0.003
1791642054.895 401 0.005
1791642055.396 401 0.003
1791642055.896 401 0.003
1791642056.396 401 0.002
1791642056.896 401 0.003
1791642057.396 401 0.003
1791642057.897 401 0.003
1791642058.397 401 0.003
1791642058.897 401 0.003
1791642059.397 401 0.003
1791642059.897 401 0.002
1791642060.398 401 0.003
1791642060.898 401 0.003
1791642061.398 401 0.003
1791642061.899 401 0.002
1791642062.399 401 0.005
1791642062.899 401 0.003
1791642063.400 401 0.003
1791642063.900 401 0.003
1791642064.400 401 0.002
1791642064.900 401 0.002
1791642065.401 401 0.005
1791642065.901 401 0.003
1791642066.401 401 0.002
1791642066.901 401 0.002
1791642067.401 401 0.002
1791642067.902 401 0.005
1791642068.402 401 0.003
1791642068.902 401 0.003
1791642069.402 401 0.003
1791642069.902 401 0.003
1791642070.403 401 0.002
1791642070.903 401 0.005
1791642071.403 401 0.002
1791642071.903 401 0.002
1791642072.404 401 0.003
1791642072.904 401 0.005
1791642073.404 401 0.003
1791642073.904 401 0.002
1791642074.405 401 0.003
1791642074.905 401 0.002
1791642075.405 401 0.003
1791642075.905 401 0.004
1791642076.406 401 0.002
1791642076.906 401 0.003
1791642077.406 401 0.003
1791642077.906 401 0.003
1791642078.407 401 0.003
1791642078.907 401 0.003
1791642079.407 401 0.004
1791642079.907 401 0.003
1791642080.407 401 0.002
1791642080.908 401 0.005
1791642081.408 401 0.002
1791642081.908 401 0.003
1791642082.408 401 0.002
1791642082.909 401 0.003
1791642083.409 401 0.006
1791642083.909 401 0.003
1791642084.410 401 0.003
1791642084.910 401 0.002
1791642085.410 401 0.002
1791642085.910 401 0.002
1791642086.411 401 0.006
1791642086.911 401 0.002
1791642087.411 401 0.003
1791642087.911 401 0.002
1791642088.411 401 0.003
1791642088.912 401 0.005
1791642089.412 401 0.003
1791642089.912 401 0.004
1791642090.412 401 0.002
1791642090.912 401 0.003
1791642091.413 401 0.005
1791642091.913 401 0.003
1791642092.413 401 0.003
1791642092.913 401 0.003
1791642093.413 401 0.002
1791642093.914 401 0.004
1791642094.414 401 0.003
1791642094.914 401 0.003
1791642095.414 401 0.002
1791642095.914 401 0.003
1791642096.415 401 0.002
1791642096.915 401 0.005
1791642097.415 401 0.003
1791642097.915 401 0.003
1791642098.416 401 0.003
1791642098.916 401 0.005
1791642099.416 401 0.004
1791642099.916 401 0.003
1791642100.416 401 0.004
1791642100.917 401 0.003
1791642101.417 401 0.003
1791642101.917 401 0.005
1791642102.418 401 0.003
1791642102.918 401 0.003
1791642103.418 401 0.002
1791642103.918 401 0.003
1791642104.419 401 0.005
1791642104.919 401 0.003
1791642105.419 401 0.004
1791642105.920 401 0.003
1791642106.420 401 0.002
1791642106.920 401 0.002
1791642107.421 401 0.005
1791642107.921 401 0.003
1791642108.421 401 0.002
1791642108.921 401 0.003
1791642109.422 401 0.005
1791642109.922 401 0.003
1791642110.422 401 0.003
1791642110.922 401 0.003
1791642111.423 401 0.003
1791642111.923 401 0.002
1791642112.424 401 0.005
1791642112.924 401 0.003
1791642113.424 401 0.002
1791642113.925 401 0.003
1791642114.425 401 0.002
1791642114.925 401 0.004
1791642115.425 401 0.002
1791642115.925 401 0.003
1791642116.426 401 0.003
1791642116.926 401 0.003
1791642117.426 401 0.003
1791642117.926 401 0.005
1791642118.427 401 0.003
1791642118.927 401 0.002
1791642119.427 401 0.003
1791642119.927 401 0.006
1791642120.427 401 0.002
1791642120.928 401 0.002
1791642121.428 401 0.003
1791642121.928 401 0.003
1791642122.428 401 0.003
1791642122.929 401 0.005
1791642123.429 401 0.003
1791642123.929 401 0.002
1791642124.429 401 0.003
1791642124.929 401 0.002
1791642125.430 401 0.007
1791642125.930 401 0.002
1791642126.430 401 0.002
1791642126.930 401 0.003
1791642127.431 401 0.002
1791642127.931 401 0.003
1791642128.431 401 0.005
1791642128.931 401 0.003
1791642129.432 401 0.002
1791642129.932 401 0.003
1791642130.432 401 0.006
1791642130.933 401 0.004
1791642131.433 401 0.003
1791642131.933 401 0.002
1791642132.433 401 0.003
1791642132.934 401 0.003
1791642133.434 401 0.005
1791642133.934 401 0.003
1791642134.434 401 0.004
1791642134.935 401 0.003
1791642135.435 401 0.003
1791642135.935 401 0.004
1791642136.435 401 0.003
1791642136.935 401 0.002
1791642137.435 401 0.003
1791642137.936 401 0.002
1791642138.436 401 0.003
1791642138.936 401 0.003
1791642139.436 401 0.002
1791642139.937 401 0.002
1791642140.437 401 0.002
1791642140.937 401 0.005
1791642141.438 401 0.002
1791642141.938 401 0.003
1791642142.438 401 0.003
1791642142.938 401 0.003
1791642143.438 401 0.003
1791642143.939 401 0.005
1791642144.439 401 0.002
1791642144.939 401 0.002
1791642145.439 401 0.002
1791642145.940 401 0.002
1791642146.440 401 0.005
1791642146.940 401 0.002
1791642147.441 401 0.003
1791642147.941 401 0.002
1791642148.441 401 0.003
1791642148.941 401 0.002
1791642149.442 401 0.005
1791642149.942 401 0.005
1791642150.442 401 0.003
1791642150.942 401 0.002
1791642151.443 401 0.005
1791642151.943 401 0.002
1791642152.444 401 0.002
1791642152.944 401 0.003
1791642153.444 401 0.002
1791642153.944 401 0.003
1791642154.444 401 0.003
1791642154.945 401 0.002
1791642155.445 401 0.002
1791642155.945 401 0.003
1791642156.445 401 0.003
1791642156.946 401 0.005
1791642157.446 401 0.003
1791642157.946 401 0.002
1791642158.446 401 0.003
1791642158.946 401 0.003
1791642159.447 401 0.003
1791642159.947 401 0.005
1791642160.447 401 0.003
1791642160.947 401 0.002
1791642161.448 401 0.003
1791642161.948 401 0.003
1791642162.448 401 0.003
1791642162.948 401 0.002
1791642163.448 401 0.002
1791642163.949 401 0.003
1791642164.449 401 0.003
1791642164.949 401 0.006
1791642165.449 401 0.002
1791642165.950 401 0.002
1791642166.450 401 0.003
1791642166.950 401 0.003
1791642167.451 401 0.005
1791642167.951 401 0.003
1791642168.451 401 0.003
1791642168.951 401 0.002
1791642169.451 401 0.003
1791642169.952 401 0.005
1791642170.452 401 0.003
1791642170.952 401 0.002
1791642171.452 401 0.002
1791642171.953 401 0.002
1791642172.453 401 0.003
1791642172.953 401 0.003
1791642173.453 401 0.003
1791642173.954 401 0.002
1791642174.454 401 0.002
1791642174.954 401 0.002
1791642175.454 401 0.003
1791642175.954 401 0.003
1791642176.455 401 0.002
1791642176.955 401 0.003
1791642177.455 401 0.005
1791642177.955 401 0.003
1791642178.456 401 0.002
1791642178.956 401 0.004
1791642179.456 401 0.002
1791642179.956 401 0.003
1791642180.457 401 0.005
1791642180.957 401 0.003
1791642181.457 401 0.003
1791642181.957 401 0.003
1791642182.457 401 0.003
1791642182.958 401 0.005
1791642183.458 401 0.003
1791642183.958 401 0.002
1791642184.458 401 0.003
1791642184.959 401 0.003
1791642185.459 401 0.003
1791642185.959 401 0.004
1791642186.459 401 0.003
1791642186.960 401 0.003
1791642187.460 401 0.003
1791642187.960 401 0.005
1791642188.460 401 0.003
1791642188.960 401 0.003
1791642189.460 401 0.003
1791642189.961 401 0.003
1791642190.461 401 0.002
1791642190.962 401 0.005
1791642191.462 401 0.002
1791642191.962 401 0.005
1791642192.462 401 0.002
1791642192.962 401 0.003
1791642193.463 401 0.004
1791642193.963 401 0.002
1791642194.463 401 0.002
1791642194.963 401 0.003
1791642195.463 401 0.002
1791642195.963 401 0.002
1791642196.464 401 0.003
1791642196.964 401 0.002
1791642197.464 401 0.002
1791642197.964 401 0.002
1791642198.465 401 0.005
1791642198.966 401 0.002
1791642199.466 401 0.003
1791642199.966 401 0.002
1791642200.466 401 0.002
1791642200.967 401 0.005
1791642201.467 401 0.003
1791642201.967 401 0.003
1791642202.467 401 0.003
1791642202.968 401 0.003
1791642203.468 401 0.002
1791642203.968 401 0.005
1791642204.468 401 0.003
1791642204.968 401 0.003
1791642205.469 401 0.002
1791642205.969 401 0.003
1791642206.469 401 0.002
1791642206.969 401 0.005
1791642207.470 401 0.003
1791642207.970 401 0.002
1791642208.470 401 0.002
1791642208.971 401 0.006
1791642209.471 401 0.003
1791642209.971 401 0.003
1791642210.471 401 0.002
1791642210.972 401 0.002
1791642211.472 401 0.005
1791642211.972 401 0.002
1791642212.472 401 0.002
1791642212.973 401 0.002
1791642213.473 401 0.002
1791642213.973 401 0.003
1791642214.473 401 0.005
1791642214.974 401 0.003
1791642215.474 401 0.003
1791642215.974 401 0.003
1791642216.474 401 0.002
1791642216.975 401 0.005
1791642217.475 401 0.003
1791642217.975 401 0.002
1791642218.476 401 0.003
1791642218.976 401 0.002
1791642219.477 401 0.005
1791642219.977 401 0.002
1791642220.478 401 0.003
1791642220.978 401 0.002
1791642221.478 401 0.003
1791642221.978 401 0.002
1791642222.479 401 0.005
1791642222.979 401 0.009
1791642223.479 401 0.003
1791642223.979 401 0.002
1791642224.479 401 0.002
1791642224.980 401 0.005
1791642225.480 401 0.003
1791642225.980 401 0.003
1791642226.480 401 0.002
1791642226.981 401 0.002
1791642227.481 401 0.005
1791642227.981 401 0.003
1791642228.481 401 0.003
1791642228.982 401 0.002
1791642229.482 401 0.002
1791642229.983 401 0.005
1791642230.483 401 0.003
1791642230.983 401 0.002
1791642231.483 401 0.003
1791642231.984 401 0.002
1791642232.484 401 0.003
1791642232.984 401 0.005
1791642233.484 401 0.003
1791642233.985 401 0.002
1791642234.485 401 0.003
1791642234.985 401 0.003
1791642235.486 401 0.005
1791642235.986 401 0.003
1791642236.486 401 0.002
1791642236.986 401 0.002
1791642237.486 401 0.003
1791642237.987 401 0.006
1791642238.487 401 0.002
1791642238.988 401 0.002
1791642239.488 401 0.002
1791642239.988 401 0.002
1791642240.489 401 0.005
1791642240.989 401 0.002
1791642241.489 401 0.003
1791642241.989 401 0.002
1791642242.489 401 0.003
1791642242.990 401 0.002
1791642243.490 401 0.005
1791642243.990 401 0.003
1791642244.491 401 0.003
1791642244.991 401 0.002
1791642245.491 401 0.005
1791642245.992 401 0.003
1791642246.492 401 0.002
1791642246.992 401 0.003
1791642247.492 401 0.002
1791642247.992 401 0.003
1791642248.493 401 0.005
1791642248.993 401 0.003
1791642249.493 401 0.002
1791642249.994 401 0.002
1791642250.494 401 0.003
1791642250.994 401 0.004
1791642251.494 401 0.003
1791642251.995 401 0.003
1791642252.495 401 0.002
1791642252.995 401 0.002
1791642253.495 401 0.003
1791642253.995 401 0.006
1791642254.495 401 0.003
1791642254.996 401 0.003
1791642255.496 401 0.002
1791642255.996 401 0.005
1791642256.496 401 0.003
1791642256.996 401 0.003
1791642257.497 401 0.002
1791642257.997 401 0.002
1791642258.497 401 0.003
1791642258.998 401 0.005
1791642259.498 401 0.003
1791642259.998 401 0.003
1791642260.498 401 0.004
1791642260.998 401 0.003
1791642261.499 401 0.005
1791642261.999 401 0.003
1791642262.499 401 0.003
1791642263.000 401 0.003
1791642263.500 401 0.002
1791642264.000 401 0.003
1791642264.501 401 0.005
1791642265.001 401 0.003
1791642265.501 401 0.003
1791642266.001 401 0.002
1791642266.501 401 0.006
1791642267.002 401 0.003
1791642267.502 401 0.003
1791642268.002 401 0.002
1791642268.502 401 0.003
1791642269.002 401 0.003
1791642269.504 401 0.005
1791642270.004 401 0.003
1791642270.504 401 0.002
1791642271.004 401 0.003
1791642271.505 401 0.007
1791642272.005 401 0.002
1791642272.505 401 0.002
1791642273.005 401 0.003
1791642273.505 401 0.002
1791642274.005 401 0.003
1791642274.506 401 0.002
1791642275.006 401 0.005
1791642275.506 401 0.002
1791642276.007 401 0.003
1791642276.507 401 0.002
1791642277.007 401 0.006
1791642277.507 401 0.003
1791642278.007 401 0.003
1791642278.508 401 0.003
1791642279.008 401 0.002
1791642279.508 401 0.002
1791642280.008 401 0.005
1791642280.509 401 0.003
1791642281.009 401 0.002
1791642281.509 401 0.003
1791642282.009 401 0.002
1791642282.510 401 0.005
1791642283.010 401 0.002
1791642283.510 401 0.002
1791642284.010 401 0.003
1791642284.511 401 0.002
1791642285.011 401 0.006
1791642285.511 401 0.003
1791642286.011 401 0.003
1791642286.511 401 0.004
1791642287.011 401 0.003
1791642287.512 401 0.005
1791642288.012 401 0.003
1791642288.513 401 0.002
1791642289.013 401 0.002
1791642289.513 401 0.002
1791642290.013 401 0.002
1791642290.514 401 0.005
1791642291.014 401 0.002
1791642291.514 401 0.003
1791642292.014 401 0.002
1791642292.514 401 0.003
1791642293.015 401 0.005
1791642293.515 401 0.002
1791642294.015 401 0.002
1791642294.516 401 0.003
1791642295.016 401 0.003
1791642295.516 401 0.005
1791642296.016 401 0.003
1791642296.516 401 0.002
1791642297.017 401 0.003
1791642297.517 401 0.002
1791642298.017 401 0.005
1791642298.517 401 0.002
1791642299.018 401 0.003
1791642299.518 401 0.003
1791642300.018 401 0.003
1791642300.518 401 0.002
1791642301.019 401 0.006
1791642301.519 401 0.002
1791642302.019 401 0.002
1791642302.519 401 0.003
1791642303.020 401 0.002
1791642303.520 401 0.005
1791642304.020 401 0.002
1791642304.520 401 0.003
1791642305.020 401 0.002
1791642305.521 401 0.003
1791642306.021 401 0.005
1791642306.521 401 0.003
1791642307.021 401 0.003
1791642307.522 401 0.003
1791642308.022 401 0.002
1791642308.522 401 0.006
1791642309.023 401 0.003
1791642309.523 401 0.003
1791642310.023 401 0.003
1791642310.523 401 0.002
1791642311.023 401 0.003
1791642311.524 401 0.006
1791642312.024 401 0.003
1791642312.524 401 0.003
1791642313.024 401 0.002
1791642313.525 401 0.002
1791642314.025 401 0.004
1791642314.525 401 0.003
1791642315.025 401 0.004
1791642315.526 401 0.003
1791642316.026 401 0.002
1791642316.526 401 0.005
1791642317.027 401 0.003
1791642317.527 401 0.003
1791642318.027 401 0.002
1791642318.527 401 0.003
1791642319.028 401 0.005
1791642319.528 401 0.003
1791642320.028 401 0.002
1791642320.528 401 0.002
1791642321.029 401 0.003
1791642321.529 401 0.002
1791642322.029 401 0.005
1791642322.529 401 0.002
1791642323.030 401 0.003
1791642323.530 401 0.002
1791642324.030 401 0.003
1791642324.530 401 0.004
1791642325.031 401 0.003
1791642325.531 401 0.003
1791642326.031 401 0.003
1791642326.531 401 0.002
1791642327.032 401 0.005
1791642327.532 401 0.002
1791642328.032 401 0.003
1791642328.532 401 0.003
1791642329.033 401 0.002
1791642329.533 401 0.005
1791642330.033 401 0.005
1791642330.533 401 0.003
1791642331.034 401 0.003
1791642331.534 401 0.005
1791642332.034 401 0.002
1791642332.535 401 0.003
1791642333.035 401 0.003
1791642333.535 401 0.002
1791642334.035 401 0.003
1791642334.536 401 0.006
1791642335.036 401 0.003
1791642335.536 401 0.003
1791642336.036 401 0.003
1791642336.536 401 0.002
1791642337.036 401 0.003
1791642337.537 401 0.006
1791642338.037 401 0.002
1791642338.538 401 0.003
1791642339.038 401 0.003
1791642339.538 401 0.003
1791642340.038 401 0.004
1791642340.539 401 0.003
1791642341.039 401 0.002
1791642341.539 401 0.003
1791642342.039 401 0.002
1791642342.539 401 0.003
1791642343.040 401 0.004
1791642343.540 401 0.002
1791642344.040 401 0.002
1791642344.540 401 0.003
1791642345.041 401 0.005
1791642345.541 401 0.003
1791642346.041 401 0.003
1791642346.541 401 0.002
1791642347.041 401 0.003
1791642347.541 401 0.003
1791642348.042 401 0.005
1791642348.542 401 0.003
1791642349.043 401 0.003
1791642349.543 401 0.002
1791642350.043 401 0.003
1791642350.544 401 0.005
1791642351.044 401 0.002
1791642351.544 401 0.003
1791642352.044 401 0.002
1791642352.544 401 0.003
1791642353.045 401 0.005
1791642353.545 401 0.003
1791642354.045 401 0.002
1791642354.545 401 0.003
1791642355.046 401 0.002
1791642355.547 401 0.005
1791642356.047 401 0.003
1791642356.547 401 0.002
1791642357.047 401 0.003
1791642357.547 401 0.003
1791642358.048 401 0.003
1791642358.548 401 0.008
1791642359.048 401 0.003
1791642359.549 401 0.002
1791642360.049 401 0.002
1791642360.549 401 0.003
1791642361.049 401 0.005
1791642361.550 401 0.002
1791642362.050 401 0.002
1791642362.550 401 0.002
1791642363.050 401 0.002
1791642363.550 401 0.005
1791642364.051 401 0.003
1791642364.551 401 0.003
1791642365.051 401 0.002
1791642365.551 401 0.003
1791642366.052 401 0.005
1791642366.552 401 0.003
1791642367.052 401 0.003
1791642367.552 401 0.003
1791642368.052 401 0.002
1791642368.553 401 0.002
1791642369.053 401 0.003
1791642369.553 401 0.002
1791642370.053 401 0.003
1791642370.553 401 0.002
1791642371.054 401 0.002
1791642371.554 401 0.005
1791642372.054 401 0.003
1791642372.555 401 0.002
1791642373.055 401 0.004
1791642373.555 401 0.003
1791642374.055 401 0.005
1791642374.555 401 0.003
1791642375.057 401 0.003
1791642375.557 401 0.002
1791642376.057 401 0.002
1791642376.558 401 0.005
1791642377.058 401 0.002
1791642377.558 401 0.003
1791642378.058 401 0.003
1791642378.558 401 0.003
1791642379.058 401 0.002
1791642379.559 401 0.005
1791642380.059 401 0.003
1791642380.559 401 0.003
1791642381.060 401 0.002
1791642381.560 401 0.002
1791642382.060 401 0.005
1791642382.560 401 0.002
1791642383.060 401 0.003
1791642383.561 401 0.002
1791642384.061 401 0.002
1791642384.561 401 0.005
1791642385.062 401 0.003
1791642385.562 401 0.003
1791642386.062 401 0.003
1791642386.562 401 0.003
1791642387.062 401 0.004
1791642387.563 401 0.004
1791642388.063 401 0.002
1791642388.563 401 0.002
1791642389.063 401 0.002
1791642389.563 401 0.003
1791642390.064 401 0.005
1791642390.564 401 0.003
1791642391.064 401 0.003
1791642391.564 401 0.003
1791642392.065 401 0.005
1791642392.565 401 0.003
1791642393.065 401 0.003
1791642393.565 401 0.003
1791642394.066 401 0.003
1791642394.566 401 0.002
1791642395.066 401 0.005
1791642395.566 401 0.003
1791642396.067 401 0.003
1791642396.567 401 0.002
1791642397.067 401 0.003
1791642397.567 401 0.005
1791642398.068 401 0.003
1791642398.568 401 0.002
1791642399.068 401 0.002
1791642399.568 401 0.003
1791642400.068 401 0.003
1791642400.569 401 0.004
1791642401.069 401 0.003
1791642401.569 401 0.003
1791642402.069 401 0.003
1791642402.569 401 0.005
1791642403.070 401 0.003
1791642403.570 401 0.003
1791642404.070 401 0.002
1791642404.570 401 0.003
1791642405.070 401 0.003
1791642405.571 401 0.005
1791642406.071 401 0.003
1791642406.571 401 0.003
1791642407.072 401 0.003
1791642407.572 401 0.002
1791642408.072 401 0.005
1791642408.572 401 0.002
1791642409.073 401 0.002
1791642409.573 401 0.003
1791642410.073 401 0.002
1791642410.573 401 0.003
1791642411.073 401 0.003
1791642411.574 401 0.003
1791642412.074 401 0.003
1791642412.574 401 0.003
1791642413.074 401 0.005
1791642413.574 401 0.003
1791642414.075 401 0.003
1791642414.575 401 0.003
1791642415.075 401 0.003
1791642415.575 401 0.002
1791642416.076 401 0.006
1791642416.576 401 0.003
1791642417.076 401 0.002
1791642417.576 401 0.003
1791642418.076 401 0.002
1791642418.577 401 0.005
1791642419.077 401 0.002
1791642419.577 401 0.003
1791642420.077 401 0.002
1791642420.578 401 0.002
1791642421.078 401 0.003
1791642421.578 401 0.004
1791642422.078 401 0.003
1791642422.578 401 0.002
1791642423.079 401 0.003
1791642423.579 401 0.005
1791642424.079 401 0.003
1791642424.580 401 0.002
1791642425.080 401 0.002
1791642425.580 401 0.002
1791642426.080 401 0.003
1791642426.581 401 0.005
1791642427.081 401 0.002
1791642427.581 401 0.002
1791642428.081 401 0.002
1791642428.581 401 0.003
1791642429.082 401 0.005
1791642429.582 401 0.003
1791642430.082 401 0.002
1791642430.582 401 0.004
1791642431.082 401 0.002
1791642431.583 401 0.003
1791642432.083 401 0.005
1791642432.583 401 0.002
1791642433.084 401 0.002
1791642433.584 401 0.002
1791642434.084 401 0.005
1791642434.584 401 0.002
1791642435.085 401 0.003
1791642435.585 401 0.002
1791642436.085 401 0.003
1791642436.585 401 0.002
1791642437.086 401 0.006
1791642437.586 401 0.003
1791642438.086 401 0.003
1791642438.586 401 0.002
1791642439.086 401 0.003
1791642439.587 401 0.005
1791642440.087 401 0.002
1791642440.587 401 0.003
1791642441.087 401 0.002
1791642441.588 401 0.002
1791642442.088 401 0.003
1791642442.588 401 0.004
1791642443.088 401 0.002
1791642443.588 401 0.003
1791642444.089 401 0.002
1791642444.589 401 0.005
1791642445.090 401 0.003
1791642445.590 401 0.003
1791642446.090 401 0.002
1791642446.590 401 0.003
1791642447.090 401 0.003
1791642447.591 401 0.004
1791642448.091 401 0.003
1791642448.591 401 0.002
1791642449.091 401 0.003
1791642449.591 401 0.002
1791642450.092 401 0.004
1791642450.592 401 0.002
1791642451.092 401 0.004
1791642451.592 401 0.002
1791642452.092 401 0.003
1791642452.593 401 0.002
1791642453.093 401 0.005
1791642453.593 401 0.005
1791642454.093 401 0.002
1791642454.594 401 0.003
1791642455.094 401 0.005
1791642455.594 401 0.003
1791642456.095 401 0.002
1791642456.595 401 0.002
1791642457.095 401 0.002
1791642457.595 401 0.003
1791642458.096 401 0.005
1791642458.596 401 0.003
1791642459.096 401 0.002
1791642459.596 401 0.002
1791642460.096 401 0.005
1791642460.597 401 0.003
1791642461.097 401 0.003
1791642461.597 401 0.002
1791642462.097 401 0.003
1791642462.597 401 0.003
1791642463.098 401 0.005
1791642463.598 401 0.003
1791642464.098 401 0.003
1791642464.598 401 0.003
1791642465.098 401 0.004
1791642465.599 401 0.005
1791642466.099 401 0.002
1791642466.599 401 0.003
1791642467.100 401 0.002
1791642467.600 401 0.003
1791642468.100 401 0.002
1791642468.600 401 0.005
1791642469.101 401 0.002
1791642469.601 401 0.003
1791642470.101 401 0.003
1791642470.601 401 0.005
1791642471.101 401 0.003
1791642471.601 401 0.003
1791642472.102 401 0.002
1791642472.602 401 0.003
1791642473.102 401 0.003
1791642473.602 401 0.005
1791642474.103 401 0.003
1791642474.603 401 0.002
1791642475.103 401 0.002
1791642475.603 401 0.002
1791642476.104 401 0.004
1791642476.604 401 0.002
1791642477.104 401 0.003
1791642477.604 401 0.002
1791642478.104 401 0.003
1791642478.604 401 0.003
1791642479.105 401 0.005
1791642479.605 401 0.002
1791642480.105 401 0.002
1791642480.605 401 0.002
1791642481.106 401 0.005
1791642481.606 401 0.003
1791642482.106 401 0.002
1791642482.606 401 0.002
1791642483.106 401 0.002
1791642483.606 401 0.003
1791642484.107 401 0.005
1791642484.607 401 0.003
1791642485.107 401 0.002
1791642485.607 401 0.003
1791642486.108 401 0.002
1791642486.608 401 0.004
1791642487.108 401 0.002
1791642487.608 401 0.002
1791642488.109 401 0.003
1791642488.609 401 0.002
1791642489.109 401 0.003
1791642489.609 401 0.005
1791642490.110 401 0.003
1791642490.610 401 0.002
1791642491.110 401 0.003
1791642491.610 401 0.004
1791642492.110 401 0.004
1791642492.610 401 0.003
1791642493.111 401 0.003
1791642493.611 401 0.002
1791642494.111 401 0.003
1791642494.612 401 0.023
1791642495.112 401 0.021
1791642495.613 401 0.005
1791642496.113 401 0.003
1791642496.613 401 0.003
1791642497.114 401 0.004
1791642497.614 401 0.003
1791642498.114 401 0.002
1791642498.614 401 0.002
1791642499.114 401 0.002
1791642499.615 401 0.002
1791642500.115 401 0.007
1791642500.616 401 0.004
1791642501.116 401 0.003
1791642501.617 401 0.006
1791642502.118 401 0.003
1791642502.618 401 0.002
1791642503.118 401 0.003
1791642503.618 401 0.003
1791642504.119 401 0.003
1791642504.619 401 0.002
1791642505.119 401 0.006
1791642505.620 401 0.003
1791642506.120 401 0.002
1791642506.620 401 0.004
1791642507.120 401 0.003
1791642507.621 401 0.004
1791642508.121 401 0.004
1791642508.621 401 0.003
1791642509.121 401 0.002
1791642509.622 401 0.005
1791642510.123 401 0.003
1791642510.623 401 0.003
1791642511.123 401 0.003
1791642511.623 401 0.003
1791642512.123 401 0.003
1791642512.624 401 0.007
1791642513.124 401 0.002
1791642513.624 401 0.003
1791642514.124 401 0.003
1791642514.625 401 0.003
1791642515.125 401 0.003
1791642515.626 401 0.006
1791642516.126 401 0.004
1791642516.626 401 0.002
1791642517.126 401 0.003
1791642517.626 401 0.003
1791642518.127 401 0.005
1791642518.627 401 0.002
1791642519.127 401 0.003
1791642519.627 401 0.002
1791642520.128 401 0.002
1791642520.628 401 0.005
1791642521.129 401 0.003
1791642521.629 401 0.002
1791642522.129 401 0.003
1791642522.629 401 0.003
1791642523.130 401 0.007
1791642523.630 401 0.003
1791642524.130 401 0.003
1791642524.630 401 0.002
1791642525.131 401 0.002
1791642525.631 401 0.002
1791642526.131 401 0.004
1791642526.632 401 0.003
1791642527.132 401 0.002
1791642527.632 401 0.003
1791642528.132 401 0.003
1791642528.633 401 0.005
1791642529.133 401 0.003
1791642529.633 401 0.002
1791642530.133 401 0.002
1791642530.634 401 0.003
1791642531.134 401 0.005
1791642531.635 401 0.003
1791642532.135 401 0.003
1791642532.635 401 0.003
1791642533.135 401 0.003
1791642533.636 401 0.005
1791642534.136 401 0.004
1791642534.636 401 0.002
1791642535.137 401 0.002
1791642535.637 401 0.005
1791642536.137 401 0.002
1791642536.638 401 0.005
1791642537.138 401 0.003
1791642537.638 401 0.003
1791642538.138 401 0.002
1791642538.638 401 0.003
1791642539.139 401 0.006
1791642539.639 401 0.003
1791642540.139 401 0.003
1791642540.639 401 0.002
1791642541.140 401 0.003
1791642541.640 401 0.003
1791642542.140 401 0.003
1791642542.640 401 0.004
1791642543.140 401 0.006
1791642543.641 401 0.002
1791642544.144 401 0.003
1791642544.644 401 0.005
1791642545.144 401 0.002
1791642545.644 401 0.003
1791642546.144 401 0.002
1791642546.644 401 0.003
1791642547.145 401 0.006
1791642547.648 401 0.003
1791642548.148 401 0.003
1791642548.648 401 0.003
1791642549.148 401 0.002
1791642549.649 401 0.005
1791642550.149 401 0.003
1791642550.649 401 0.003
1791642551.149 401 0.002
1791642551.649 401 0.003
1791642552.150 401 0.005
1791642552.650 401 0.003
1791642553.150 401 0.002
1791642553.650 401 0.003
1791642554.150 401 0.003
1791642554.651 401 0.005
1791642555.151 401 0.003
1791642555.652 401 0.003
1791642556.152 401 0.002
1791642556.652 401 0.003
1791642557.152 401 0.002
1791642557.653 401 0.005
1791642558.153 401 0.003
1791642558.653 401 0.002
1791642559.153 401 0.003
1791642559.653 401 0.003
1791642560.154 401 0.005
1791642560.654 401 0.003
1791642561.154 401 0.003
1791642561.654 401 0.003
1791642562.155 401 0.003
1791642562.655 401 0.003
1791642563.155 401 0.007
1791642563.655 401 0.004
1791642564.156 401 0.003
1791642564.656 401 0.003
1791642565.157 401 0.006
1791642565.657 401 0.003
1791642566.157 401 0.003
1791642566.657 401 0.003
1791642567.157 401 0.002
1791642567.657 401 0.003
1791642568.158 401 0.005
1791642568.658 401 0.002
1791642569.158 401 0.002
1791642569.658 401 0.002
1791642570.159 401 0.003
1791642570.659 401 0.003
1791642571.159 401 0.003
1791642571.659 401 0.003
1791642572.159 401 0.003
1791642572.659 401 0.003
1791642573.160 401 0.003
1791642573.660 401 0.003
1791642574.160 401 0.003
1791642574.660 401 0.003
1791642575.161 401 0.002
1791642575.662 401 0.006
1791642576.162 401 0.002
1791642576.662 401 0.003
1791642577.162 401 0.003
1791642577.662 401 0.003
1791642578.163 401 0.003
1791642578.663 401 0.005
1791642579.163 401 0.002
1791642579.663 401 0.003
1791642580.163 401 0.003
1791642580.664 401 0.003
1791642581.164 401 0.005
1791642581.664 401 0.002
1791642582.164 401 0.003
1791642582.665 401 0.002
1791642583.165 401 0.002
1791642583.665 401 0.002
1791642584.165 401 0.004
1791642584.666 401 0.002
1791642585.166 401 0.003
1791642585.666 401 0.004
1791642586.167 401 0.006
1791642586.667 401 0.003
1791642587.167 401 0.002
1791642587.667 401 0.003
1791642588.167 401 0.003
1791642588.668 401 0.003
1791642589.168 401 0.003
1791642589.668 401 0.003
1791642590.168 401 0.003
1791642590.668 401 0.003
1791642591.169 401 0.002
1791642591.669 401 0.004
1791642592.169 401 0.002
1791642592.669 401 0.003
1791642593.169 401 0.003
1791642593.670 401 0.003
1791642594.170 401 0.004
1791642594.670 401 0.005
1791642595.170 401 0.003
1791642595.671 401 0.002
1791642596.171 401 0.003
1791642596.671 401 0.005
1791642597.172 401 0.003
1791642597.672 401 0.002
1791642598.172 401 0.003
1791642598.672 401 0.008
1791642599.173 401 0.005
1791642599.673 401 0.005
1791642600.174 401 0.003
1791642600.674 401 0.003
1791642601.174 401 0.006
1791642601.674 401 0.003
1791642602.175 401 0.002
1791642602.675 401 0.003
1791642603.175 401 0.002
1791642603.675 401 0.003
1791642604.175 401 0.002
1791642604.675 401 0.003
1791642605.176 401 0.005
1791642605.676 401 0.002
1791642606.176 401 0.002
1791642606.676 401 0.002
1791642607.177 401 0.005
1791642607.677 401 0.003
1791642608.177 401 0.003
1791642608.677 401 0.003
1791642609.178 401 0.003
1791642609.678 401 0.003
1791642610.178 401 0.005
1791642610.679 401 0.003
1791642611.179 401 0.002
1791642611.679 401 0.002
1791642612.179 401 0.005
1791642612.680 401 0.002
1791642613.180 401 0.003
1791642613.680 401 0.002
1791642614.180 401 0.002
1791642614.680 401 0.003
1791642615.181 401 0.005
1791642615.681 401 0.003
1791642616.181 401 0.003
1791642616.681 401 0.003
1791642617.182 401 0.003
1791642617.682 401 0.005
1791642618.182 401 0.002
1791642618.682 401 0.003
1791642619.183 401 0.003
1791642619.683 401 0.003
1791642620.183 401 0.003
1791642620.684 401 0.007
1791642621.184 401 0.004
1791642621.684 401 0.003
1791642622.184 401 0.004
1791642622.685 401 0.006
1791642623.185 401 0.007
1791642623.685 401 0.003
1791642624.185 401 0.003
1791642624.685 401 0.003
1791642625.185 401 0.003
1791642625.686 401 0.005
1791642626.186 401 0.003
1791642626.686 401 0.002
1791642627.187 401 0.003
1791642627.687 401 0.003
1791642628.187 401 0.005
1791642628.688 401 0.002
1791642629.188 401 0.003
1791642629.688 401 0.002
1791642630.188 401 0.003
1791642630.688 401 0.002
1791642631.189 401 0.008
1791642631.689 401 0.003
1791642632.189 401 0.003
1791642632.690 401 0.003
1791642633.190 401 0.005
1791642633.690 401 0.003
1791642634.190 401 0.004
1791642634.691 401 0.003
1791642635.191 401 0.004
1791642635.691 401 0.003
1791642636.191 401 0.005
1791642636.692 401 0.003
1791642637.192 401 0.002
1791642637.692 401 0.003
1791642638.192 401 0.002
1791642638.693 401 0.003
1791642639.193 401 0.002
1791642639.693 401 0.002
1791642640.193 401 0.003
1791642640.693 401 0.003
1791642641.193 401 0.003
1791642641.694 401 0.004
1791642642.194 401 0.003
1791642642.694 401 0.003
1791642643.194 401 0.003
1791642643.694 401 0.005
1791642644.195 401 0.003
1791642644.695 401 0.003
1791642645.195 401 0.003
1791642645.695 401 0.004
1791642646.196 401 0.003
1791642646.696 401 0.008
1791642647.197 401 0.005
1791642647.697 401 0.003
1791642648.197 401 0.003
1791642648.697 401 0.003
1791642649.198 401 0.005
1791642649.698 401 0.002
1791642650.198 401 0.002
1791642650.699 401 0.003
1791642651.199 401 0.003
1791642651.699 401 0.003
1791642652.199 401 0.003
1791642652.700 401 0.003
1791642653.200 401 0.002
1791642653.700 401 0.003
1791642654.200 401 0.005
1791642654.701 401 0.008
1791642655.201 401 0.005
1791642655.701 401 0.002
1791642656.202 401 0.003
1791642656.702 401 0.002
1791642657.202 401 0.005
1791642657.703 401 0.003
1791642658.203 401 0.004
1791642658.703 401 0.005
1791642659.203 401 0.004
1791642659.704 401 0.006
1791642660.204 401 0.002
1791642660.705 401 0.003
1791642661.205 401 0.005
1791642661.705 401 0.003
1791642662.205 401 0.002
1791642662.706 401 0.006
1791642663.206 401 0.003
1791642663.706 401 0.003
1791642664.206 401 0.004
1791642664.706 401 0.005
1791642665.207 401 0.003
1791642665.707 401 0.003
1791642666.207 401 0.003
1791642666.707 401 0.003
1791642667.208 401 0.003
1791642667.708 401 0.004
1791642668.208 401 0.003
1791642668.708 401 0.002
1791642669.209 401 0.003
1791642669.709 401 0.004
1791642670.209 401 0.005
1791642670.709 401 0.003
1791642671.210 401 0.003
1791642671.710 401 0.003
1791642672.210 401 0.003
1791642672.710 401 0.003
1791642673.211 401 0.005
1791642673.711 401 0.003
1791642674.211 401 0.003
1791642674.711 401 0.003
1791642675.212 401 0.005
1791642675.712 401 0.003
1791642676.212 401 0.002
1791642676.713 401 0.003
1791642677.213 401 0.003
1791642677.713 401 0.003
1791642678.213 401 0.005
1791642678.713 401 0.004
1791642679.214 401 0.003
1791642679.714 401 0.002
1791642680.214 401 0.003
1791642680.715 401 0.005
1791642681.215 401 0.003
1791642681.715 401 0.002
1791642682.215 401 0.003
1791642682.715 401 0.003
1791642683.215 401 0.003
1791642683.716 401 0.007
1791642684.217 401 0.005
1791642684.717 401 0.003
1791642685.217 401 0.003
1791642685.718 401 0.009
1791642686.218 401 0.003
1791642686.720 401 0.009
1791642687.220 401 0.003
1791642687.720 401 0.002
1791642688.220 401 0.003
1791642688.720 401 0.004
1791642689.220 401 0.003
1791642689.721 401 0.003
1791642690.221 401 0.003
1791642690.721 401 0.002
1791642691.222 401 0.005
1791642691.722 401 0.002
1791642692.222 401 0.003
1791642692.722 401 0.003
1791642693.223 401 0.003
1791642693.723 401 0.002
1791642694.223 401 0.007
1791642694.724 401 0.007
1791642695.224 401 0.004
1791642695.724 401 0.004
1791642696.225 401 0.009
1791642696.725 401 0.003
1791642697.225 401 0.003
1791642697.725 401 0.003
1791642698.225 401 0.003
1791642698.726 401 0.003
1791642699.226 401 0.006
1791642699.726 401 0.002
1791642700.226 401 0.002
1791642700.727 401 0.003
1791642701.227 401 0.003
1791642701.727 401 0.004
1791642702.227 401 0.004
1791642702.727 401 0.002
1791642703.228 401 0.003
1791642703.728 401 0.002
1791642704.228 401 0.003
1791642704.728 401 0.005
1791642705.229 401 0.002
1791642705.729 401 0.003
1791642706.229 401 0.003
1791642706.729 401 0.005
1791642707.230 401 0.003
1791642707.730 401 0.003
1791642708.230 401 0.003
1791642708.730 401 0.003
1791642709.230 401 0.003
1791642709.731 401 0.005
1791642710.231 401 0.003
1791642710.731 401 0.003
1791642711.231 401 0.003
1791642711.732 401 0.003
1791642712.232 401 0.003
1791642712.732 401 0.002
1791642713.232 401 0.002
1791642713.732 401 0.002
1791642714.233 401 0.003
1791642714.733 401 0.002
1791642715.233 401 0.005
1791642715.733 401 0.003
1791642716.234 401 0.003
1791642716.734 401 0.003
1791642717.234 401 0.005
1791642717.734 401 0.003
1791642718.234 401 0.003
1791642718.734 401 0.003
1791642719.235 401 0.003
1791642719.735 401 0.002
1791642720.235 401 0.005
1791642720.735 401 0.003
1791642721.236 401 0.003
1791642721.736 401 0.025
1791642722.237 401 0.006
1791642722.737 401 0.008
1791642723.238 401 0.007
1791642723.739 401 0.010
1791642724.239 401 0.003
1791642724.740 401 0.003
1791642725.240 401 0.006
1791642725.741 401 0.005
1791642726.241 401 0.002
1791642726.741 401 0.003
1791642727.241 401 0.003
1791642727.742 401 0.005
1791642728.242 401 0.003
1791642728.742 401 0.003
1791642729.242 401 0.004
1791642729.743 401 0.003
1791642730.243 401 0.003
1791642730.743 401 0.005
1791642731.243 401 0.003
1791642731.744 401 0.003
1791642732.244 401 0.003
1791642732.744 401 0.003
1791642733.244 401 0.005
1791642733.745 401 0.002
1791642734.245 401 0.002
1791642734.745 401 0.002
1791642735.245 401 0.002
1791642735.745 401 0.002
1791642736.246 401 0.004
1791642736.746 401 0.003
1791642737.246 401 0.003
1791642737.746 401 0.003
1791642738.247 401 0.005
1791642738.747 401 0.003
1791642739.247 401 0.003
1791642739.747 401 0.002
1791642740.247 401 0.003
1791642740.748 401 0.004
1791642741.248 401 0.005
1791642741.748 401 0.002
1791642742.248 401 0.003
1791642742.749 401 0.002
1791642743.249 401 0.003
1791642743.749 401 0.007
1791642744.249 401 0.003
1791642744.750 401 0.003
1791642745.250 401 0.002
1791642745.750 401 0.003
1791642746.250 401 0.003
1791642746.751 401 0.005
1791642747.251 401 0.003
1791642747.751 401 0.003
1791642748.251 401 0.003
1791642748.752 401 0.005
1791642749.252 401 0.003
1791642749.752 401 0.003
1791642750.252 401 0.003
1791642750.752 401 0.003
1791642751.253 401 0.003
1791642751.753 401 0.005
1791642752.253 401 0.003
1791642752.753 401 0.002
1791642753.253 401 0.003
1791642753.754 401 0.002
1791642754.254 401 0.005
1791642754.754 401 0.002
1791642755.255 401 0.003
1791642755.755 401 0.003
1791642756.255 401 0.002
1791642756.755 401 0.003
1791642757.256 401 0.007
1791642757.756 401 0.003
1791642758.256 401 0.004
1791642758.756 401 0.003
1791642759.257 401 0.006
1791642759.757 401 0.003
1791642760.257 401 0.003
1791642760.758 401 0.003
1791642761.258 401 0.003
1791642761.758 401 0.002
1791642762.258 401 0.005
1791642762.759 401 0.003
1791642763.259 401 0.003
1791642763.759 401 0.003
1791642764.259 401 0.003
1791642764.760 401 0.006
1791642765.260 401 0.003
1791642765.760 401 0.003
1791642766.260 401 0.003
1791642766.760 401 0.004
1791642767.261 401 0.003
1791642767.761 401 0.007
1791642768.261 401 0.004
1791642768.762 401 0.003
1791642769.262 401 0.003
1791642769.762 401 0.005
1791642770.262 401 0.003
1791642770.762 401 0.003
1791642771.262 401 0.002
1791642771.763 401 0.004
1791642772.263 401 0.003
1791642772.763 401 0.004
1791642773.264 401 0.003
1791642773.764 401 0.002
1791642774.264 401 0.002
1791642774.764 401 0.003
1791642775.265 401 0.005
1791642775.765 401 0.003
1791642776.265 401 0.003
1791642776.765 401 0.002
1791642777.265 401 0.003
1791642777.766 401 0.005
1791642778.266 401 0.003
1791642778.766 401 0.002
1791642779.266 401 0.003
1791642779.766 401 0.002
1791642780.267 401 0.005
1791642780.767 401 0.003
1791642781.267 401 0.002
1791642781.767 401 0.003
1791642782.267 401 0.003
1791642782.767 401 0.004
