# guest clock (epoch s), HTTP status of GET https://127.0.0.1:2083/api/v1/panel/availability on the guest (or noanswer:<error class>), seconds the request took
1791656250.090 401 0.005
1791656250.591 401 0.003
1791656251.091 401 0.002
1791656251.591 401 0.002
1791656252.091 401 0.003
1791656252.591 401 0.002
1791656253.091 401 0.003
1791656253.592 401 0.002
1791656254.092 401 0.002
1791656254.592 401 0.005
1791656255.093 401 0.003
1791656255.593 401 0.005
1791656256.093 401 0.002
1791656256.593 401 0.004
1791656257.094 401 0.005
1791656257.594 401 0.005
1791656258.095 401 0.002
1791656258.595 401 0.005
1791656259.096 401 0.009
1791656259.596 401 0.005
1791656260.096 401 0.002
1791656260.597 401 0.005
1791656261.098 401 0.005
1791656261.598 401 0.005
1791656262.098 401 0.002
1791656262.598 401 0.004
1791656263.099 401 0.003
1791656263.599 401 0.005
1791656264.100 401 0.005
1791656264.600 401 0.005
1791656265.100 401 0.002
1791656265.601 401 0.005
1791656266.101 401 0.002
1791656266.601 401 0.003
1791656267.101 401 0.002
1791656267.601 401 0.005
1791656268.102 401 0.006
1791656268.602 401 0.005
1791656269.102 401 0.003
1791656269.603 401 0.002
1791656270.103 401 0.003
1791656270.603 401 0.005
1791656271.103 401 0.003
1791656271.604 401 0.005
1791656272.104 401 0.003
1791656272.605 401 0.006
1791656273.105 401 0.005
1791656273.605 401 0.005
1791656274.106 401 0.004
1791656274.606 401 0.004
1791656275.106 401 0.002
1791656275.607 401 0.007
1791656276.107 401 0.008
1791656276.607 401 0.003
1791656277.107 401 0.002
1791656277.608 401 0.005
1791656278.108 401 0.004
1791656278.608 401 0.004
1791656279.109 401 0.002
1791656279.609 401 0.004
1791656280.109 401 0.002
1791656280.610 401 0.005
1791656281.110 401 0.004
1791656281.610 401 0.004
1791656282.110 401 0.002
1791656282.611 401 0.006
1791656283.111 401 0.003
1791656283.611 401 0.007
1791656284.111 401 0.003
1791656284.612 401 0.004
1791656285.112 401 0.003
1791656285.612 401 0.005
1791656286.112 401 0.004
1791656286.613 401 0.007
1791656287.113 401 0.005
1791656287.613 401 0.004
1791656288.114 401 0.004
1791656288.614 401 0.004
1791656289.114 401 0.003
1791656289.615 401 0.005
1791656290.115 401 0.002
1791656290.615 401 0.004
1791656291.115 401 0.003
1791656291.615 401 0.006
1791656292.116 401 0.004
1791656292.616 401 0.005
1791656293.116 401 0.002
1791656293.616 401 0.003
1791656294.116 401 0.002
1791656294.617 401 0.004
1791656295.117 401 0.007
1791656295.618 401 0.007
1791656296.118 401 0.003
1791656296.618 401 0.004
1791656297.119 401 0.003
1791656297.619 401 0.005
1791656298.119 401 0.003
1791656298.619 401 0.005
1791656299.119 401 0.003
1791656299.619 401 0.004
1791656300.120 401 0.014
1791656300.620 401 0.003
1791656301.120 noanswer:URLError 0.258
1791656301.620 noanswer:URLError 0.001
1791656302.121 noanswer:URLError 0.001
1791656302.621 noanswer:URLError 0.002
1791656303.124 noanswer:URLError 0.001
1791656303.624 noanswer:URLError 0.001
1791656304.124 noanswer:URLError 0.001
1791656304.625 noanswer:URLError 0.002
1791656305.125 noanswer:URLError 0.001
1791656305.625 noanswer:URLError 0.000
1791656306.125 noanswer:URLError 0.001
1791656306.625 noanswer:URLError 0.000
1791656307.128 noanswer:URLError 0.001
1791656307.628 noanswer:URLError 0.001
1791656308.128 noanswer:URLError 0.000
1791656308.629 noanswer:URLError 0.001
1791656309.129 noanswer:URLError 0.001
1791656309.629 noanswer:URLError 0.001
1791656310.129 noanswer:URLError 0.001
1791656310.629 noanswer:URLError 0.001
1791656311.129 noanswer:URLError 0.000
1791656311.629 noanswer:URLError 0.000
1791656312.130 noanswer:URLError 0.002
1791656312.630 noanswer:URLError 0.001
1791656313.130 noanswer:URLError 0.001
1791656313.630 noanswer:URLError 0.001
1791656314.130 noanswer:URLError 0.001
1791656314.631 noanswer:URLError 0.002
1791656315.131 noanswer:URLError 0.001
1791656315.631 noanswer:URLError 0.001
1791656316.131 noanswer:URLError 0.001
1791656316.631 noanswer:URLError 0.001
1791656317.131 noanswer:URLError 0.001
1791656317.632 noanswer:URLError 0.001
1791656318.132 noanswer:URLError 0.001
1791656318.632 noanswer:URLError 0.002
1791656319.132 noanswer:URLError 0.001
1791656319.632 noanswer:URLError 0.001
1791656320.132 noanswer:URLError 0.001
1791656320.632 noanswer:URLError 0.001
1791656321.133 noanswer:URLError 0.001
1791656321.633 noanswer:URLError 0.001
1791656322.133 noanswer:URLError 0.001
1791656322.633 noanswer:URLError 0.001
1791656323.133 noanswer:URLError 0.001
1791656323.633 noanswer:URLError 0.000
1791656324.136 noanswer:URLError 0.001
1791656324.636 401 0.002
1791656325.136 401 0.002
1791656325.637 401 0.005
1791656326.137 401 0.002
1791656326.637 401 0.002
1791656327.137 401 0.002
1791656327.638 401 0.004
1791656328.138 401 0.005
1791656328.638 401 0.002
1791656329.138 401 0.005
1791656329.639 401 0.003
1791656330.139 401 0.003
1791656330.639 401 0.003
1791656331.139 401 0.006
1791656331.640 401 0.004
1791656332.140 401 0.004
1791656332.640 401 0.003
1791656333.140 401 0.003
1791656333.640 401 0.002
1791656334.140 401 0.005
1791656334.641 401 0.003
1791656335.141 401 0.002
1791656335.641 401 0.002
1791656336.141 401 0.002
1791656336.642 401 0.005
1791656337.142 401 0.003
1791656337.642 401 0.003
1791656338.142 401 0.003
1791656338.642 401 0.002
1791656339.144 401 0.005
1791656339.644 401 0.005
1791656340.144 401 0.003
1791656340.644 401 0.002
1791656341.145 401 0.003
1791656341.645 401 0.008
1791656342.145 401 0.003
1791656342.645 401 0.003
1791656343.145 401 0.003
1791656343.645 401 0.003
1791656344.146 401 0.003
1791656344.646 401 0.005
1791656345.146 401 0.002
1791656345.646 401 0.002
1791656346.146 401 0.002
1791656346.647 401 0.002
1791656347.147 401 0.007
1791656347.647 401 0.003
1791656348.147 401 0.002
1791656348.648 401 0.003
1791656349.148 401 0.002
1791656349.648 401 0.005
1791656350.148 401 0.003
1791656350.649 401 0.002
1791656351.149 401 0.003
1791656351.649 401 0.003
1791656352.149 401 0.004
1791656352.650 401 0.002
1791656353.150 401 0.003
1791656353.650 401 0.002
1791656354.150 401 0.003
1791656354.650 401 0.004
1791656355.151 401 0.002
1791656355.651 401 0.003
1791656356.151 401 0.002
1791656356.651 401 0.002
1791656357.151 401 0.002
1791656357.651 401 0.004
1791656358.152 401 0.003
1791656358.652 401 0.004
1791656359.152 401 0.003
1791656359.652 401 0.004
1791656360.152 401 0.003
1791656360.653 401 0.002
1791656361.153 401 0.002
1791656361.653 401 0.004
1791656362.153 401 0.002
1791656362.653 401 0.002
1791656363.153 401 0.004
1791656363.654 401 0.003
1791656364.154 401 0.005
1791656364.654 401 0.002
1791656365.155 401 0.005
1791656365.655 401 0.007
1791656366.155 401 0.005
1791656366.655 401 0.003
1791656367.156 401 0.004
1791656367.656 401 0.003
1791656368.156 401 0.004
1791656368.656 401 0.002
1791656369.157 401 0.005
1791656369.657 401 0.005
1791656370.157 401 0.005
1791656370.658 401 0.005
1791656371.158 401 0.005
1791656371.659 401 0.002
1791656372.159 401 0.005
1791656372.659 401 0.003
1791656373.159 401 0.002
1791656373.660 401 0.002
1791656374.160 401 0.002
1791656374.660 401 0.002
1791656375.160 401 0.004
1791656375.661 401 0.002
1791656376.161 401 0.006
1791656376.661 401 0.003
1791656377.161 401 0.004
1791656377.661 401 0.003
1791656378.162 401 0.005
1791656378.662 401 0.002
1791656379.162 401 0.004
1791656379.663 401 0.005
1791656380.163 401 0.005
1791656380.663 401 0.005
1791656381.164 401 0.005
1791656381.664 401 0.004
1791656382.164 401 0.003
1791656382.664 401 0.005
1791656383.165 401 0.004
1791656383.665 401 0.003
1791656384.165 401 0.007
1791656384.679 401 0.010
1791656385.179 401 0.005
1791656385.682 401 0.010
1791656386.186 401 0.019
1791656386.687 401 0.396
1791656387.188 401 0.006
1791656387.688 401 0.003
1791656388.188 401 0.004
1791656388.688 401 0.003
1791656389.189 401 0.008
1791656389.691 401 0.014
1791656390.194 401 0.016
1791656390.694 401 0.005
1791656391.195 401 0.003
1791656391.695 401 0.002
1791656392.197 401 0.020
1791656392.697 401 0.007
1791656393.197 401 0.009
1791656393.698 401 0.061
1791656394.200 401 0.011
1791656394.700 401 0.005
1791656395.201 401 0.019
1791656395.701 401 0.004
1791656396.201 401 0.003
1791656396.702 401 0.006
1791656397.202 401 0.002
1791656397.703 401 0.008
1791656398.203 401 0.006
1791656398.703 401 0.016
1791656399.204 401 0.009
1791656399.704 401 0.004
1791656400.205 401 0.003
1791656400.705 401 0.002
1791656401.205 401 0.005
1791656401.705 401 0.003
1791656402.205 401 0.011
1791656402.706 401 0.005
1791656403.211 401 0.013
1791656403.713 401 0.058
1791656404.213 401 0.014
1791656404.714 401 0.101
1791656405.214 401 0.004
1791656405.717 401 0.012
1791656406.217 401 0.010
1791656406.717 401 0.004
1791656407.218 401 0.010
1791656407.718 401 0.004
1791656408.219 401 0.008
1791656408.719 401 0.007
1791656409.220 401 0.003
1791656409.720 401 0.005
1791656410.220 401 0.004
1791656410.720 401 0.003
1791656411.221 401 0.007
1791656411.722 401 0.174
1791656412.223 401 0.210
1791656412.723 401 0.005
1791656413.223 401 0.003
1791656413.724 401 0.007
1791656414.224 401 0.003
1791656414.724 401 0.005
1791656415.225 401 0.006
1791656415.725 401 0.006
1791656416.226 401 0.004
1791656416.726 401 0.003
1791656417.227 401 0.006
1791656417.728 401 0.005
1791656418.228 401 0.005
1791656418.728 401 0.003
1791656419.228 401 0.003
1791656419.729 401 0.009
1791656420.229 401 0.014
1791656420.730 401 0.413
1791656421.231 401 0.003
1791656421.731 401 0.005
1791656422.231 401 0.013
1791656422.732 401 0.006
1791656423.232 401 0.007
1791656423.732 401 0.003
1791656424.233 401 0.005
1791656424.733 401 0.003
1791656425.233 401 0.007
1791656425.734 401 0.003
1791656426.234 401 0.006
1791656426.735 401 0.007
1791656427.236 401 0.005
1791656427.736 401 0.007
1791656428.236 401 0.003
1791656428.737 401 0.005
1791656429.238 401 0.003
1791656429.738 401 0.003
1791656430.238 401 0.003
1791656430.738 401 0.003
1791656431.238 401 0.003
1791656431.739 401 0.003
1791656432.239 401 0.003
1791656432.739 401 0.006
1791656433.240 401 0.004
1791656433.740 401 0.003
1791656434.240 401 0.005
1791656434.740 401 0.003
1791656435.241 401 0.006
1791656435.742 401 0.013
1791656436.242 401 0.005
1791656436.742 401 0.003
1791656437.243 401 0.005
1791656437.743 401 0.003
1791656438.246 401 0.033
1791656438.747 401 0.007
1791656439.247 401 0.005
1791656439.747 401 0.002
1791656440.248 401 0.005
1791656440.748 401 0.003
1791656441.248 401 0.003
1791656441.748 401 0.003
1791656442.249 401 0.006
1791656442.749 401 0.002
1791656443.249 401 0.002
1791656443.750 401 0.003
1791656444.250 401 0.007
1791656444.750 401 0.003
1791656445.251 401 0.003
1791656445.751 401 0.002
1791656446.251 401 0.006
1791656446.751 401 0.003
1791656447.252 401 0.002
1791656447.752 401 0.002
1791656448.253 401 0.006
1791656448.753 401 0.003
1791656449.253 401 0.002
1791656449.753 401 0.002
1791656450.254 401 0.006
1791656450.754 401 0.003
1791656451.254 401 0.003
1791656451.754 401 0.002
1791656452.255 401 0.007
1791656452.759 401 0.027
1791656453.260 401 0.005
1791656453.760 401 0.003
1791656454.260 401 0.006
1791656454.761 401 0.005
1791656455.262 401 0.005
1791656455.762 401 0.003
1791656456.262 401 0.017
1791656456.763 401 0.007
1791656457.263 401 0.004
1791656457.763 401 0.003
1791656458.264 401 0.006
1791656458.764 401 0.003
1791656459.265 401 0.006
1791656459.765 401 0.003
1791656460.265 401 0.004
1791656460.765 401 0.002
1791656461.265 401 0.006
1791656461.766 401 0.003
1791656462.266 401 0.008
1791656462.766 401 0.004
1791656463.267 401 0.004
1791656463.767 401 0.002
1791656464.267 401 0.002
1791656464.768 401 0.005
1791656465.268 401 0.003
1791656465.769 401 0.006
1791656466.269 401 0.002
1791656466.769 401 0.002
1791656467.269 401 0.005
1791656467.770 401 0.006
1791656468.270 401 0.003
1791656468.770 401 0.003
1791656469.270 401 0.002
1791656469.771 401 0.004
1791656470.272 401 0.009
1791656470.772 401 0.003
1791656471.272 401 0.005
1791656471.772 401 0.003
1791656472.273 401 0.005
1791656472.774 401 0.005
1791656473.274 401 0.005
1791656473.774 401 0.003
1791656474.275 401 0.006
1791656474.775 401 0.002
1791656475.275 401 0.008
1791656475.776 401 0.002
1791656476.276 401 0.002
1791656476.776 401 0.004
1791656477.277 401 0.006
1791656477.777 401 0.002
1791656478.277 401 0.003
1791656478.777 401 0.004
1791656479.278 401 0.005
1791656479.778 401 0.003
1791656480.278 401 0.003
1791656480.778 401 0.003
1791656481.279 401 0.005
1791656481.779 401 0.002
1791656482.280 401 0.005
1791656482.780 401 0.003
1791656483.281 401 0.009
1791656483.781 401 0.003
1791656484.281 401 0.005
1791656484.782 401 0.003
1791656485.282 401 0.002
1791656485.783 401 0.005
1791656486.283 401 0.002
1791656486.783 401 0.002
1791656487.284 401 0.005
1791656487.784 401 0.005
1791656488.284 401 0.005
1791656488.785 401 0.002
1791656489.285 401 0.005
1791656489.785 401 0.002
1791656490.286 401 0.005
1791656490.786 401 0.003
1791656491.286 401 0.003
1791656491.786 401 0.003
1791656492.287 401 0.005
1791656492.787 401 0.002
1791656493.287 401 0.002
1791656493.787 401 0.002
1791656494.288 401 0.008
1791656494.788 401 0.002
1791656495.288 401 0.003
1791656495.789 401 0.002
1791656496.289 401 0.011
1791656496.790 401 0.005
1791656497.290 401 0.003
1791656497.790 401 0.002
1791656498.291 401 0.003
1791656498.791 401 0.006
1791656499.291 401 0.002
1791656499.792 401 0.002
1791656500.292 401 0.002
1791656500.792 401 0.005
1791656501.292 401 0.003
1791656501.792 401 0.003
1791656502.293 401 0.002
1791656502.793 401 0.002
1791656503.293 401 0.005
1791656503.793 401 0.003
1791656504.293 401 0.003
1791656504.794 401 0.002
1791656505.294 401 0.002
1791656505.794 401 0.006
1791656506.294 401 0.002
1791656506.795 401 0.002
1791656507.295 401 0.002
1791656507.795 401 0.002
1791656508.295 401 0.005
1791656508.796 401 0.004
1791656509.296 401 0.002
1791656509.796 401 0.002
1791656510.296 401 0.002
1791656510.797 401 0.005
1791656511.297 401 0.002
1791656511.797 401 0.003
1791656512.297 401 0.002
1791656512.797 401 0.002
1791656513.298 401 0.002
1791656513.798 401 0.002
1791656514.298 401 0.006
1791656514.799 401 0.003
1791656515.299 401 0.002
1791656515.799 401 0.002
1791656516.299 401 0.003
1791656516.800 401 0.005
1791656517.300 401 0.002
1791656517.800 401 0.002
1791656518.300 401 0.002
1791656518.801 401 0.006
1791656519.302 401 0.002
1791656519.802 401 0.002
1791656520.302 401 0.002
1791656520.802 401 0.002
1791656521.302 401 0.002
1791656521.803 401 0.005
1791656522.303 401 0.005
1791656522.803 401 0.003
1791656523.303 401 0.002
1791656523.804 401 0.003
1791656524.304 401 0.004
1791656524.808 401 0.030
1791656525.308 401 0.002
1791656525.808 401 0.003
1791656526.309 401 0.002
1791656526.809 401 0.005
1791656527.309 401 0.003
1791656527.809 401 0.004
1791656528.310 401 0.003
1791656528.810 401 0.003
1791656529.310 401 0.003
1791656529.810 401 0.005
1791656530.310 401 0.003
1791656530.810 401 0.002
1791656531.311 401 0.003
1791656531.811 401 0.003
1791656532.311 401 0.002
1791656532.812 401 0.005
1791656533.312 401 0.002
1791656533.812 401 0.002
1791656534.312 401 0.002
1791656534.812 401 0.002
1791656535.313 401 0.005
1791656535.813 401 0.003
1791656536.313 401 0.002
1791656536.813 401 0.003
1791656537.314 401 0.003
1791656537.814 401 0.004
1791656538.314 401 0.003
1791656538.815 401 0.005
1791656539.315 401 0.002
1791656539.815 401 0.002
1791656540.316 401 0.005
1791656540.816 401 0.003
1791656541.316 401 0.002
1791656541.816 401 0.002
1791656542.316 401 0.002
1791656542.817 401 0.005
1791656543.317 401 0.003
1791656543.817 401 0.002
1791656544.317 401 0.002
1791656544.817 401 0.003
1791656545.318 401 0.005
1791656545.818 401 0.002
1791656546.318 401 0.002
1791656546.818 401 0.002
1791656547.318 401 0.002
1791656547.818 401 0.003
1791656548.319 401 0.005
1791656548.819 401 0.002
1791656549.319 401 0.002
1791656549.820 401 0.002
1791656550.320 401 0.005
1791656550.820 401 0.002
1791656551.321 401 0.003
1791656551.821 401 0.002
1791656552.321 401 0.002
1791656552.821 401 0.005
1791656553.321 401 0.003
1791656553.822 401 0.002
1791656554.322 401 0.002
1791656554.822 401 0.002
1791656555.323 401 0.006
1791656555.823 401 0.003
1791656556.323 401 0.002
1791656556.823 401 0.003
1791656557.323 401 0.002
1791656557.824 401 0.005
1791656558.324 401 0.003
1791656558.824 401 0.003
1791656559.324 401 0.003
1791656559.824 401 0.003
1791656560.325 401 0.005
1791656560.825 401 0.003
1791656561.325 401 0.002
1791656561.825 401 0.002
1791656562.325 401 0.002
1791656562.826 401 0.003
1791656563.326 401 0.004
1791656563.826 401 0.003
1791656564.326 401 0.002
1791656564.826 401 0.003
1791656565.326 401 0.003
1791656565.827 401 0.005
1791656566.327 401 0.003
1791656566.827 401 0.002
1791656567.327 401 0.002
1791656567.827 401 0.002
1791656568.328 401 0.003
1791656568.828 401 0.005
1791656569.328 401 0.003
1791656569.828 401 0.002
1791656570.329 401 0.002
1791656570.829 401 0.003
1791656571.329 401 0.005
1791656571.829 401 0.002
1791656572.329 401 0.002
1791656572.830 401 0.002
1791656573.330 401 0.004
1791656573.830 401 0.002
1791656574.330 401 0.003
1791656574.831 401 0.003
1791656575.331 401 0.003
1791656575.831 401 0.002
1791656576.332 401 0.005
1791656576.832 401 0.003
1791656577.332 401 0.003
1791656577.832 401 0.002
1791656578.332 401 0.002
1791656578.832 401 0.002
1791656579.333 401 0.005
1791656579.833 401 0.002
1791656580.333 401 0.002
1791656580.833 401 0.003
1791656581.334 401 0.002
1791656581.834 401 0.006
1791656582.334 401 0.004
1791656582.835 401 0.003
1791656583.335 401 0.003
1791656583.835 401 0.003
1791656584.335 401 0.002
1791656584.836 401 0.007
1791656585.336 401 0.003
1791656585.836 401 0.002
1791656586.336 401 0.002
1791656586.836 401 0.002
1791656587.337 401 0.004
1791656587.837 401 0.003
1791656588.337 401 0.002
1791656588.837 401 0.003
1791656589.337 401 0.002
1791656589.838 401 0.005
1791656590.338 401 0.003
1791656590.838 401 0.003
1791656591.338 401 0.003
1791656591.838 401 0.003
1791656592.339 401 0.005
1791656592.839 401 0.002
1791656593.339 401 0.002
1791656593.839 401 0.002
1791656594.339 401 0.002
1791656594.840 401 0.002
1791656595.340 401 0.006
1791656595.840 401 0.003
1791656596.341 401 0.003
1791656596.841 401 0.002
1791656597.341 401 0.005
1791656597.841 401 0.003
1791656598.341 401 0.003
1791656598.841 401 0.002
1791656599.342 401 0.003
1791656599.842 401 0.002
1791656600.342 401 0.003
1791656600.842 401 0.005
1791656601.342 401 0.003
1791656601.843 401 0.002
1791656602.343 401 0.002
1791656602.843 401 0.002
1791656603.343 401 0.005
1791656603.844 401 0.003
1791656604.344 401 0.002
1791656604.844 401 0.002
1791656605.344 401 0.002
1791656605.845 401 0.006
1791656606.345 401 0.003
1791656606.845 401 0.003
1791656607.345 401 0.002
1791656607.845 401 0.002
1791656608.346 401 0.005
1791656608.846 401 0.003
1791656609.346 401 0.002
1791656609.846 401 0.003
1791656610.346 401 0.003
1791656610.846 401 0.003
1791656611.347 401 0.005
1791656611.847 401 0.002
1791656612.347 401 0.002
1791656612.847 401 0.003
1791656613.347 401 0.002
1791656613.848 401 0.005
1791656614.348 401 0.003
1791656614.848 401 0.002
1791656615.348 401 0.002
1791656615.848 401 0.002
1791656616.349 401 0.002
1791656616.849 401 0.005
1791656617.349 401 0.002
1791656617.849 401 0.002
1791656618.349 401 0.002
1791656618.850 401 0.004
1791656619.350 401 0.003
1791656619.850 401 0.003
1791656620.350 401 0.002
1791656620.851 401 0.002
1791656621.351 401 0.002
1791656621.851 401 0.004
1791656622.351 401 0.002
1791656622.851 401 0.003
1791656623.352 401 0.002
1791656623.852 401 0.002
1791656624.352 401 0.005
1791656624.853 401 0.004
1791656625.353 401 0.002
1791656625.853 401 0.002
1791656626.353 401 0.002
1791656626.853 401 0.002
1791656627.354 401 0.005
1791656627.854 401 0.002
1791656628.354 401 0.002
1791656628.854 401 0.002
1791656629.354 401 0.002
1791656629.855 401 0.005
1791656630.355 401 0.003
1791656630.855 401 0.002
1791656631.355 401 0.002
1791656631.856 401 0.003
1791656632.356 401 0.005
1791656632.856 401 0.002
1791656633.357 401 0.003
1791656633.857 401 0.002
1791656634.357 401 0.003
1791656634.857 401 0.003
1791656635.357 401 0.005
1791656635.858 401 0.004
1791656636.358 401 0.003
1791656636.858 401 0.002
1791656637.358 401 0.003
1791656637.859 401 0.006
1791656638.359 401 0.002
1791656638.859 401 0.002
1791656639.359 401 0.002
1791656639.860 401 0.002
1791656640.361 401 0.005
1791656640.861 401 0.002
1791656641.361 401 0.002
1791656641.861 401 0.002
1791656642.361 401 0.002
1791656642.861 401 0.002
1791656643.362 401 0.005
1791656643.862 401 0.005
1791656644.362 401 0.003
1791656644.862 401 0.004
1791656645.363 401 0.003
1791656645.863 401 0.005
1791656646.363 401 0.003
1791656646.863 401 0.003
1791656647.364 401 0.002
1791656647.864 401 0.003
1791656648.364 401 0.002
1791656648.864 401 0.005
1791656649.365 401 0.002
1791656649.865 401 0.002
1791656650.365 401 0.002
1791656650.865 401 0.002
1791656651.365 401 0.005
1791656651.866 401 0.002
1791656652.366 401 0.002
1791656652.866 401 0.002
1791656653.366 401 0.002
1791656653.867 401 0.005
1791656654.367 401 0.002
1791656654.867 401 0.003
1791656655.367 401 0.002
1791656655.868 401 0.003
1791656656.368 401 0.005
1791656656.868 401 0.003
1791656657.369 401 0.003
1791656657.869 401 0.002
1791656658.369 401 0.003
1791656658.869 401 0.005
1791656659.370 401 0.003
1791656659.870 401 0.003
1791656660.370 401 0.003
1791656660.870 401 0.002
1791656661.370 401 0.003
1791656661.871 401 0.005
1791656662.371 401 0.003
1791656662.871 401 0.002
1791656663.371 401 0.002
1791656663.872 401 0.005
1791656664.372 401 0.003
1791656664.872 401 0.003
1791656665.372 401 0.002
1791656665.873 401 0.006
1791656666.373 401 0.002
1791656666.873 401 0.002
1791656667.373 401 0.003
1791656667.873 401 0.002
1791656668.374 401 0.003
1791656668.874 401 0.005
1791656669.374 401 0.003
1791656669.874 401 0.003
1791656670.375 401 0.003
1791656670.875 401 0.004
1791656671.375 401 0.002
1791656671.875 401 0.003
1791656672.375 401 0.002
1791656672.876 401 0.005
1791656673.376 401 0.002
1791656673.876 401 0.002
1791656674.376 401 0.002
1791656674.877 401 0.002
1791656675.377 401 0.004
1791656675.877 401 0.003
1791656676.378 401 0.002
1791656676.878 401 0.002
1791656677.378 401 0.003
1791656677.878 401 0.002
1791656678.379 401 0.005
1791656678.879 401 0.002
1791656679.379 401 0.003
1791656679.879 401 0.002
1791656680.379 401 0.002
1791656680.880 401 0.005
1791656681.380 401 0.002
1791656681.880 401 0.002
1791656682.381 401 0.024
1791656682.881 401 0.005
1791656683.382 401 0.006
1791656683.882 401 0.002
1791656684.382 401 0.002
1791656684.882 401 0.003
1791656685.383 401 0.004
1791656685.883 401 0.003
1791656686.383 401 0.002
1791656686.883 401 0.002
1791656687.383 401 0.002
1791656687.884 401 0.004
1791656688.384 401 0.003
1791656688.884 401 0.002
1791656689.384 401 0.002
1791656689.897 401 0.006
1791656690.397 401 0.002
1791656690.898 401 0.005
1791656691.398 401 0.002
1791656691.898 401 0.002
1791656692.398 401 0.002
1791656692.898 401 0.002
1791656693.398 401 0.003
1791656693.899 401 0.006
1791656694.399 401 0.003
1791656694.899 401 0.002
1791656695.399 401 0.002
1791656695.899 401 0.002
1791656696.400 401 0.002
1791656696.900 401 0.004
1791656697.400 401 0.002
1791656697.900 401 0.002
1791656698.400 401 0.002
1791656698.901 401 0.002
1791656699.401 401 0.002
1791656699.901 401 0.006
1791656700.408 401 0.010
1791656700.908 401 0.011
1791656701.409 401 0.004
1791656701.909 401 0.004
1791656702.409 401 0.002
1791656702.910 401 0.013
1791656703.410 401 0.003
1791656703.910 401 0.005
1791656704.411 401 0.006
1791656704.911 401 0.003
1791656705.411 401 0.002
1791656705.911 401 0.002
1791656706.412 401 0.004
1791656706.912 401 0.002
1791656707.412 401 0.002
1791656707.912 401 0.005
1791656708.413 401 0.005
1791656708.914 401 0.002
1791656709.414 401 0.002
1791656709.914 401 0.003
1791656710.415 401 0.006
1791656710.915 401 0.002
1791656711.415 401 0.002
1791656711.915 401 0.003
1791656712.416 401 0.006
1791656712.916 401 0.002
1791656713.416 401 0.002
1791656713.916 401 0.002
1791656714.417 401 0.008
1791656714.917 401 0.002
1791656715.418 401 0.002
1791656715.918 401 0.002
1791656716.418 401 0.002
1791656716.919 401 0.005
1791656717.419 401 0.003
1791656717.919 401 0.002
1791656718.419 401 0.002
1791656718.920 401 0.005
1791656719.420 401 0.002
1791656719.920 401 0.003
1791656720.420 401 0.002
1791656720.921 401 0.005
1791656721.421 401 0.002
1791656721.921 401 0.002
1791656722.421 401 0.003
1791656722.921 401 0.005
1791656723.422 401 0.002
1791656723.922 401 0.002
1791656724.422 401 0.031
1791656724.923 401 0.009
1791656725.423 401 0.003
