# guest clock (epoch s), HTTP status of GET https://127.0.0.1:2083/api/v1/panel/availability on the guest (or noanswer:<error class>), seconds the request took
1791654568.720 401 0.010
1791654569.221 401 0.003
1791654569.721 401 0.008
1791654570.221 401 0.003
1791654570.726 401 0.005
1791654571.226 401 0.004
1791654571.728 401 0.021
1791654572.228 401 0.082
1791654572.730 401 0.019
1791654573.230 401 0.005
1791654573.732 401 0.026
1791654574.232 401 0.003
1791654574.733 401 0.013
1791654575.233 401 0.003
1791654575.734 401 0.012
1791654576.234 401 0.003
1791654576.735 401 0.012
1791654577.236 401 0.006
1791654577.737 401 0.094
1791654578.239 401 0.367
1791654578.741 401 0.409
1791654579.242 401 0.191
1791654579.743 401 0.007
1791654580.243 401 0.003
1791654580.744 401 0.018
1791654581.244 401 0.003
1791654581.746 401 0.019
1791654582.246 401 0.003
1791654582.746 401 0.009
1791654583.247 401 0.010
1791654583.748 401 0.012
1791654584.248 401 0.003
1791654584.749 401 0.013
1791654585.249 401 0.012
1791654585.751 401 0.012
1791654586.251 401 0.003
1791654586.752 401 0.014
1791654587.252 401 0.004
1791654587.753 401 0.029
1791654588.253 401 0.003
1791654588.754 401 0.010
1791654589.254 401 0.002
1791654589.755 401 0.008
1791654590.255 401 0.003
1791654590.756 401 0.015
1791654591.256 401 0.010
1791654591.757 401 0.012
1791654592.257 401 0.005
1791654592.758 401 0.010
1791654593.259 401 0.004
1791654593.759 401 0.013
1791654594.259 401 0.003
1791654594.759 401 0.021
1791654595.259 401 0.003
1791654595.760 401 0.013
1791654596.260 401 0.004
1791654596.762 401 0.012
1791654597.263 401 0.026
1791654597.764 401 0.035
1791654598.264 401 0.004
1791654598.765 401 0.010
1791654599.265 401 0.003
1791654599.765 401 0.007
1791654600.266 401 0.003
1791654600.766 401 0.012
1791654601.267 401 0.003
1791654601.767 401 0.013
1791654602.268 401 0.003
1791654602.768 401 0.012
1791654603.269 401 0.011
1791654603.770 401 0.010
1791654604.270 401 0.004
1791654604.771 401 0.024
1791654605.271 401 0.005
1791654605.772 401 0.013
1791654606.272 401 0.004
1791654606.772 401 0.005
1791654607.273 401 0.003
1791654607.774 401 0.022
1791654608.274 401 0.011
1791654608.776 401 0.012
1791654609.276 401 0.002
1791654609.776 401 0.008
1791654610.277 401 0.009
1791654610.778 401 0.010
1791654611.278 401 0.005
1791654611.779 401 0.033
1791654612.280 401 0.006
1791654612.780 401 0.010
1791654613.280 401 0.015
1791654613.781 401 0.011
1791654614.282 401 0.006
1791654614.782 401 0.012
1791654615.283 401 0.004
1791654615.783 401 0.012
1791654616.283 401 0.004
1791654616.784 401 0.012
1791654617.284 401 0.003
1791654617.785 401 0.011
1791654618.286 401 0.079
1791654618.788 401 0.061
1791654619.288 401 0.007
1791654619.788 401 0.007
1791654620.289 401 0.003
1791654620.790 401 0.013
1791654621.290 401 0.004
1791654621.791 401 0.017
1791654622.292 401 0.008
1791654622.792 401 0.004
1791654623.292 401 0.002
1791654623.793 401 0.012
1791654624.293 401 0.003
1791654624.794 401 0.010
1791654625.294 401 0.005
1791654625.795 401 0.021
1791654626.296 401 0.005
1791654626.796 401 0.019
1791654627.297 401 0.004
1791654627.797 401 0.012
1791654628.298 401 0.003
1791654628.798 401 0.006
1791654629.298 401 0.002
1791654629.798 401 0.008
1791654630.299 401 0.012
1791654630.800 401 0.011
1791654631.300 401 0.003
1791654631.801 401 0.011
1791654632.302 401 0.011
1791654632.802 401 0.034
1791654633.303 401 0.013
1791654633.804 401 0.010
1791654634.304 401 0.003
1791654634.804 401 0.008
1791654635.305 401 0.004
1791654635.806 401 0.010
1791654636.306 401 0.010
1791654636.807 401 0.038
1791654637.308 401 0.010
1791654637.809 401 0.007
1791654638.310 401 0.012
1791654638.811 401 0.010
1791654639.311 401 0.002
1791654639.811 401 0.005
1791654640.312 401 0.011
1791654640.818 401 0.033
1791654641.319 401 0.003
1791654641.819 401 0.010
1791654642.320 401 0.010
1791654642.821 401 0.009
1791654643.321 401 0.003
1791654643.822 401 0.010
1791654644.322 401 0.010
1791654644.823 401 0.009
1791654645.324 401 0.014
1791654645.824 401 0.030
1791654646.333 401 0.073
1791654646.834 401 0.020
1791654647.334 401 0.009
1791654647.838 401 0.028
1791654648.338 401 0.027
1791654648.839 401 0.008
1791654649.339 401 0.014
1791654649.840 401 0.009
1791654650.340 401 0.003
1791654650.841 401 0.010
1791654651.341 401 0.007
1791654651.842 401 0.009
1791654652.342 401 0.003
1791654652.843 401 0.009
1791654653.343 401 0.003
1791654653.844 401 0.011
1791654654.345 401 0.011
1791654654.845 401 0.014
1791654655.346 401 0.026
1791654655.847 401 0.011
1791654656.348 401 0.012
1791654656.848 401 0.011
1791654657.348 401 0.003
1791654657.849 401 0.005
1791654658.349 401 0.003
1791654658.850 401 0.010
1791654659.350 401 0.010
1791654659.852 401 0.589
1791654660.442 401 0.124
1791654660.946 401 0.124
1791654661.448 401 0.088
1791654661.952 401 0.139
1791654662.455 401 0.027
1791654662.956 401 0.085
1791654663.457 401 0.052
1791654663.959 401 0.102
1791654664.463 401 0.048
1791654664.964 401 0.020
1791654665.466 401 0.047
1791654665.969 401 0.038
1791654666.471 401 0.018
1791654666.972 401 0.039
1791654667.474 401 0.084
1791654667.977 401 0.018
1791654668.478 401 0.016
1791654668.979 401 0.015
1791654669.479 401 0.004
1791654669.980 401 0.007
1791654670.480 401 0.004
1791654670.981 401 0.010
1791654671.481 401 0.004
1791654671.982 401 0.011
1791654672.482 401 0.004
1791654672.983 401 0.007
1791654673.483 401 0.003
1791654673.983 401 0.011
1791654674.484 401 0.003
1791654674.984 401 0.011
1791654675.485 401 0.017
1791654675.985 401 0.010
1791654676.486 401 0.006
1791654676.986 401 0.008
1791654677.486 401 0.009
1791654677.987 401 0.007
1791654678.487 401 0.005
1791654678.987 401 0.008
1791654679.488 401 0.013
1791654679.988 401 0.006
1791654680.488 401 0.004
1791654680.989 401 0.009
1791654681.489 401 0.004
1791654681.990 401 0.010
1791654682.490 401 0.004
1791654682.991 401 0.016
1791654683.492 401 0.022
1791654683.992 401 0.004
1791654684.492 401 0.004
1791654684.993 401 0.009
1791654685.493 401 0.008
1791654686.000 401 0.367
1791654686.501 401 0.256
1791654687.005 401 0.256
1791654687.506 401 0.234
1791654688.007 401 0.149
1791654688.508 401 0.633
1791654689.144 401 0.546
1791654689.690 401 0.655
1791654690.351 401 0.678
1791654691.029 401 0.006
1791654691.529 401 0.007
1791654692.030 401 0.006
1791654692.531 401 0.015
1791654693.031 401 0.005
1791654693.531 401 0.007
1791654694.032 401 0.004
1791654694.532 401 0.010
1791654695.032 401 0.004
1791654695.533 401 0.008
1791654696.033 401 0.005
1791654696.533 401 0.009
1791654697.034 401 0.004
1791654697.535 401 0.009
1791654698.036 401 0.003
1791654698.536 401 0.018
1791654699.037 401 0.003
1791654699.537 401 0.011
1791654700.037 401 0.003
1791654700.538 401 0.008
1791654701.038 401 0.004
1791654701.538 401 0.007
1791654702.039 401 0.005
1791654702.539 401 0.009
1791654703.039 401 0.003
1791654703.540 401 0.006
1791654704.040 401 0.008
1791654704.541 401 0.009
1791654705.041 401 0.005
1791654705.541 401 0.013
1791654706.042 401 0.016
1791654706.542 401 0.011
1791654707.043 401 0.003
1791654707.543 401 0.008
1791654708.044 401 0.010
1791654708.545 401 0.007
1791654709.045 401 0.003
1791654709.545 401 0.007
1791654710.045 401 0.003
1791654710.546 401 0.008
1791654711.046 401 0.019
1791654711.547 401 0.011
1791654712.047 401 0.003
1791654712.548 401 0.009
1791654713.048 401 0.010
1791654713.549 401 0.011
1791654714.049 401 0.003
1791654714.550 401 0.010
1791654715.050 401 0.006
1791654715.550 401 0.015
1791654716.051 401 0.003
1791654716.551 401 0.007
1791654717.051 401 0.003
1791654717.552 401 0.008
1791654718.052 401 0.003
1791654718.553 401 0.019
1791654719.053 401 0.004
1791654719.554 401 0.009
1791654720.054 401 0.010
1791654720.555 401 0.010
1791654721.055 401 0.003
1791654721.555 401 0.027
1791654722.056 401 0.023
1791654722.557 401 0.009
1791654723.057 401 0.010
1791654723.558 401 0.017
1791654724.059 401 0.015
1791654724.560 401 0.006
1791654725.060 401 0.005
1791654725.560 401 0.008
1791654726.061 401 0.012
1791654726.561 401 0.007
1791654727.061 401 0.004
1791654727.562 401 0.008
1791654728.063 401 0.010
1791654728.563 401 0.007
1791654729.063 401 0.003
1791654729.564 401 0.013
1791654730.065 401 0.010
1791654730.565 401 0.007
1791654731.066 401 0.003
1791654731.566 401 0.009
1791654732.067 401 0.005
1791654732.567 401 0.010
1791654733.068 401 0.060
1791654733.569 401 0.010
1791654734.069 401 0.003
1791654734.569 401 0.008
1791654735.071 401 0.015
1791654735.571 401 0.008
1791654736.071 401 0.004
1791654736.572 401 0.012
1791654737.072 401 0.003
1791654737.572 401 0.008
1791654738.072 401 0.040
1791654738.573 401 0.011
1791654739.073 401 0.004
1791654739.574 401 0.006
1791654740.074 401 0.003
1791654740.574 401 0.007
1791654741.074 401 0.004
1791654741.575 401 0.009
1791654742.075 401 0.003
1791654742.575 401 0.008
1791654743.075 401 0.003
1791654743.576 401 0.007
1791654744.077 401 0.009
1791654744.577 401 0.008
1791654745.077 401 0.004
1791654745.578 401 0.007
1791654746.078 401 0.008
1791654746.579 401 0.008
1791654747.079 401 0.005
1791654747.579 401 0.016
1791654748.081 401 0.014
1791654748.581 401 0.011
1791654749.082 401 0.004
1791654749.582 401 0.007
1791654750.082 401 0.004
1791654750.582 401 0.008
1791654751.083 401 0.003
1791654751.583 401 0.007
1791654752.083 401 0.008
1791654752.583 401 0.008
1791654753.084 401 0.010
1791654753.584 401 0.022
1791654754.085 401 0.014
1791654754.585 401 0.012
1791654755.086 401 0.005
1791654755.586 401 0.018
1791654756.087 401 0.014
1791654756.588 401 0.008
1791654757.088 401 0.005
1791654757.589 401 0.007
1791654758.089 401 0.004
1791654758.589 401 0.006
1791654759.089 401 0.003
1791654759.590 401 0.006
1791654760.090 401 0.004
1791654760.590 401 0.013
1791654761.090 401 0.004
1791654761.591 401 0.006
1791654762.091 401 0.010
1791654762.592 401 0.009
1791654763.092 401 0.004
1791654763.592 401 0.011
1791654764.092 401 0.004
1791654764.593 401 0.015
1791654765.093 401 0.008
1791654765.593 401 0.010
1791654766.094 401 0.003
1791654766.594 401 0.012
1791654767.095 401 0.010
1791654767.595 401 0.011
1791654768.096 401 0.010
1791654768.596 401 0.011
1791654769.096 401 0.004
1791654769.596 401 0.012
1791654770.097 401 0.006
1791654770.597 401 0.022
1791654771.098 401 0.004
1791654771.598 401 0.004
1791654772.098 401 0.004
1791654772.598 401 0.019
1791654773.100 401 0.018
1791654773.602 401 0.015
1791654774.103 401 0.004
1791654774.604 401 0.015
1791654775.104 401 0.004
1791654775.606 401 0.017
1791654776.107 401 0.018
1791654776.608 401 0.011
1791654777.109 401 0.012
1791654777.610 401 0.009
1791654778.110 401 0.003
1791654778.611 401 0.007
1791654779.111 401 0.006
1791654779.612 401 0.011
1791654780.112 401 0.003
1791654780.612 401 0.059
1791654781.113 401 0.088
1791654781.613 401 0.171
1791654782.115 401 0.031
1791654782.616 401 0.020
1791654783.116 401 0.003
1791654783.617 401 0.013
1791654784.118 401 0.014
1791654784.618 401 0.013
1791654785.119 401 0.003
1791654785.620 401 0.015
1791654786.120 401 0.002
1791654786.620 401 0.010
1791654787.120 401 0.003
1791654787.622 401 0.009
1791654788.122 401 0.002
1791654788.623 401 0.009
1791654789.123 401 0.012
1791654789.625 401 0.010
1791654790.125 401 0.004
1791654790.626 401 0.011
1791654791.126 401 0.003
1791654791.628 401 0.014
1791654792.128 401 0.004
1791654792.629 401 0.027
1791654793.129 401 0.019
1791654793.630 401 0.027
1791654794.131 401 0.009
1791654794.632 401 0.011
1791654795.132 401 0.004
1791654795.633 401 0.018
1791654796.133 401 0.003
1791654796.634 401 0.011
1791654797.135 401 0.011
1791654797.636 401 0.010
1791654798.136 401 0.004
1791654798.638 401 0.013
1791654799.138 401 0.004
1791654799.639 401 0.011
1791654800.139 401 0.005
1791654800.640 401 0.012
1791654801.140 401 0.003
1791654801.640 401 0.007
1791654802.140 401 0.004
1791654802.641 401 0.012
1791654803.142 401 0.004
1791654803.642 401 0.003
1791654804.142 401 0.011
1791654804.643 401 0.012
1791654805.143 401 0.004
1791654805.645 401 0.017
1791654806.145 401 0.003
1791654806.646 401 0.014
1791654807.147 401 0.004
1791654807.648 401 0.013
1791654808.148 401 0.011
1791654808.649 401 0.033
1791654809.150 401 0.041
1791654809.651 401 0.083
1791654810.153 401 0.023
1791654810.654 401 0.013
1791654811.155 401 0.003
1791654811.656 401 0.018
1791654812.156 401 0.003
1791654812.656 401 0.011
1791654813.157 401 0.003
1791654813.658 401 0.010
1791654814.158 401 0.002
1791654814.659 401 0.010
1791654815.159 401 0.003
1791654815.660 401 0.011
1791654816.160 401 0.004
1791654816.661 401 0.010
1791654817.161 401 0.003
1791654817.662 401 0.009
1791654818.163 401 0.010
1791654818.663 401 0.007
1791654819.163 401 0.003
1791654819.664 401 0.009
1791654820.164 401 0.002
1791654820.665 401 0.007
1791654821.165 401 0.005
1791654821.665 401 0.009
1791654822.166 401 0.004
1791654822.688 401 0.121
1791654823.233 401 0.005
1791654823.733 401 0.006
1791654824.234 401 0.011
1791654824.734 401 0.006
1791654825.236 401 0.010
1791654825.736 401 0.004
1791654826.237 401 0.015
1791654826.737 401 0.003
1791654827.238 401 0.012
1791654827.738 401 0.008
1791654828.240 401 0.057
1791654828.740 401 0.003
1791654829.241 401 0.011
1791654829.741 401 0.003
1791654830.243 401 0.011
1791654830.743 401 0.011
1791654831.244 401 0.012
1791654831.744 401 0.003
1791654832.245 401 0.012
1791654832.745 401 0.003
1791654833.246 401 0.012
1791654833.746 401 0.004
1791654834.247 401 0.003
1791654834.747 401 0.002
1791654835.248 401 0.010
1791654835.748 401 0.003
1791654836.250 401 0.014
1791654836.750 401 0.008
1791654837.251 401 0.013
1791654837.751 401 0.003
1791654838.252 401 0.010
1791654838.753 401 0.006
1791654839.253 401 0.011
1791654839.754 401 0.023
1791654840.256 401 0.019
1791654840.756 401 0.004
1791654841.257 401 0.022
1791654841.758 401 0.018
1791654842.260 401 0.024
1791654842.760 401 0.005
1791654843.262 401 0.024
1791654843.762 401 0.004
1791654844.263 401 0.019
1791654844.763 401 0.004
1791654845.264 401 0.014
1791654845.764 401 0.004
1791654846.266 401 0.030
1791654846.767 401 0.005
1791654847.268 401 0.053
1791654847.768 401 0.007
1791654848.269 401 0.020
1791654848.772 401 0.019
1791654849.273 401 0.020
1791654849.773 401 0.012
1791654850.274 401 0.029
1791654850.775 401 0.004
1791654851.276 401 0.015
1791654851.777 401 0.024
1791654852.278 401 0.011
1791654852.778 401 0.003
1791654853.279 401 0.012
1791654853.779 401 0.003
1791654854.280 401 0.010
1791654854.781 401 0.027
1791654855.282 401 0.052
1791654855.783 401 0.039
1791654856.283 401 0.067
1791654856.785 401 0.015
1791654857.286 401 0.017
1791654857.786 401 0.004
1791654858.288 401 0.016
1791654858.788 401 0.020
1791654859.289 401 0.019
1791654859.789 401 0.003
1791654860.291 401 0.015
1791654860.791 401 0.004
1791654861.292 401 0.015
1791654861.792 401 0.004
1791654862.293 401 0.010
1791654862.793 401 0.004
1791654863.294 401 0.015
1791654863.796 401 0.017
1791654864.297 401 0.014
1791654864.797 401 0.009
1791654865.298 401 0.017
1791654865.799 401 0.027
1791654866.299 401 0.017
1791654866.800 401 0.121
1791654867.307 401 0.115
1791654867.809 401 0.134
1791654868.310 401 0.020
1791654868.810 401 0.011
1791654869.313 401 0.020
1791654869.813 401 0.004
1791654870.314 401 0.012
1791654870.814 401 0.004
1791654871.315 401 0.007
1791654871.815 401 0.005
1791654872.315 401 0.010
1791654872.816 401 0.003
1791654873.317 401 0.014
1791654873.818 401 0.014
1791654874.319 401 0.021
1791654874.819 401 0.006
1791654875.320 401 0.025
1791654875.820 401 0.005
1791654876.321 401 0.017
1791654876.821 401 0.004
1791654877.322 401 0.018
1791654877.823 401 0.011
1791654878.323 401 0.011
1791654878.824 401 0.004
1791654879.324 401 0.011
1791654879.825 401 0.011
1791654880.326 401 0.016
1791654880.826 401 0.004
1791654881.327 401 0.011
1791654881.827 401 0.003
1791654882.328 401 0.022
1791654882.828 401 0.003
1791654883.329 401 0.010
1791654883.829 401 0.004
1791654884.330 401 0.010
1791654884.830 401 0.004
1791654885.331 401 0.010
1791654885.832 401 0.008
1791654886.333 401 0.020
1791654886.833 401 0.003
1791654887.334 401 0.016
1791654887.834 401 0.004
1791654888.335 401 0.010
1791654888.836 401 0.017
1791654889.337 401 0.016
1791654889.837 401 0.013
1791654890.338 401 0.012
1791654890.838 401 0.004
1791654891.338 401 0.007
1791654891.839 401 0.005
1791654892.339 401 0.010
1791654892.840 401 0.004
1791654893.341 401 0.016
1791654893.841 401 0.010
1791654894.342 401 0.011
1791654894.842 401 0.004
1791654895.343 401 0.020
1791654895.844 401 0.004
1791654896.345 401 0.015
1791654896.846 401 0.016
1791654897.347 401 0.020
1791654897.847 401 0.004
1791654898.348 401 0.017
1791654898.848 401 0.005
1791654899.349 401 0.013
1791654899.849 401 0.004
1791654900.350 401 0.021
1791654900.851 401 0.004
1791654901.351 401 0.011
1791654901.852 401 0.010
1791654902.353 401 0.017
1791654902.853 401 0.003
1791654903.354 401 0.010
1791654903.854 401 0.009
1791654904.355 401 0.015
1791654904.855 401 0.003
1791654905.356 401 0.008
1791654905.857 401 0.010
1791654906.358 401 0.010
1791654906.858 401 0.004
1791654907.359 401 0.013
1791654907.859 401 0.003
1791654908.360 401 0.011
1791654908.860 401 0.005
1791654909.361 401 0.011
1791654909.861 401 0.010
1791654910.362 401 0.005
1791654910.862 401 0.002
1791654911.362 401 0.003
1791654911.862 401 0.005
1791654912.363 401 0.010
1791654912.863 401 0.005
1791654913.364 401 0.010
1791654913.864 401 0.003
1791654914.365 401 0.010
1791654914.866 401 0.009
1791654915.367 401 0.011
1791654915.867 401 0.003
1791654916.368 401 0.014
1791654916.868 401 0.004
1791654917.368 401 0.010
1791654917.869 401 0.050
1791654918.370 401 0.041
1791654918.871 401 0.054
1791654919.372 401 0.063
1791654919.876 401 0.104
1791654920.376 401 0.013
1791654920.877 401 0.031
1791654921.377 401 0.024
1791654921.878 401 0.046
1791654922.378 401 0.008
1791654922.878 401 0.004
1791654923.379 401 0.010
1791654923.879 401 0.003
1791654924.380 401 0.009
1791654924.880 401 0.005
1791654925.381 401 0.011
1791654925.881 401 0.003
1791654926.383 401 0.016
1791654926.883 401 0.005
1791654927.384 401 0.018
1791654927.884 401 0.005
1791654928.385 401 0.011
1791654928.886 401 0.013
1791654929.386 401 0.006
1791654929.886 401 0.005
1791654930.388 401 0.019
1791654930.890 401 0.017
1791654931.391 401 0.015
1791654931.891 401 0.005
1791654932.392 401 0.022
1791654932.893 401 0.004
1791654933.394 401 0.024
1791654933.894 401 0.006
1791654934.395 401 0.010
1791654934.895 401 0.004
1791654935.396 401 0.011
1791654935.896 401 0.003
1791654936.397 401 0.017
1791654936.898 401 0.020
1791654937.400 401 0.020
1791654937.900 401 0.003
1791654938.401 401 0.015
1791654938.901 401 0.002
1791654939.402 401 0.029
1791654939.902 401 0.073
1791654940.403 401 0.030
1791654940.903 401 0.028
1791654941.404 401 0.025
1791654941.905 401 0.025
1791654942.409 401 0.257
1791654942.909 401 0.029
1791654943.410 401 0.011
1791654943.910 401 0.003
1791654944.411 401 0.010
1791654944.912 401 0.013
1791654945.413 401 0.016
1791654945.913 401 0.006
1791654946.414 401 0.014
1791654946.915 401 0.015
1791654947.416 401 0.009
1791654947.916 401 0.016
1791654948.417 401 0.014
1791654948.918 401 0.014
1791654949.418 401 0.024
1791654949.919 401 0.008
1791654950.420 401 0.013
1791654950.920 401 0.004
1791654951.421 401 0.017
1791654951.921 401 0.004
1791654952.422 401 0.022
1791654952.923 401 0.009
1791654953.424 401 0.013
1791654953.924 401 0.005
1791654954.425 401 0.013
1791654954.925 401 0.005
1791654955.426 401 0.016
1791654955.927 401 0.010
1791654956.427 401 0.010
1791654956.928 401 0.005
1791654957.428 401 0.015
1791654957.929 401 0.021
1791654958.430 401 0.029
1791654958.930 401 0.022
1791654959.431 401 0.014
1791654959.931 401 0.025
1791654960.432 401 0.249
1791654960.934 401 0.080
1791654961.435 401 0.036
1791654961.936 401 0.022
1791654962.436 401 0.017
1791654962.936 401 0.004
1791654963.437 401 0.014
1791654963.937 401 0.003
1791654964.438 401 0.011
1791654964.938 401 0.003
1791654965.439 401 0.010
1791654965.939 401 0.003
1791654966.440 401 0.017
1791654966.941 401 0.004
1791654967.441 401 0.009
1791654967.941 401 0.003
1791654968.442 401 0.013
1791654968.942 401 0.014
1791654969.443 401 0.017
1791654969.944 401 0.025
1791654970.444 401 0.020
1791654970.945 401 0.020
1791654971.446 401 0.010
1791654971.946 401 0.038
1791654972.447 401 0.022
1791654972.947 401 0.026
1791654973.448 401 0.027
1791654973.948 401 0.020
1791654974.453 401 0.027
1791654974.953 401 0.006
1791654975.454 401 0.011
1791654975.954 401 0.004
1791654976.455 401 0.009
1791654976.955 401 0.003
1791654977.456 401 0.013
1791654977.956 401 0.007
1791654978.457 401 0.025
1791654978.958 401 0.033
1791654979.459 401 0.022
1791654979.959 401 0.011
1791654980.460 401 0.024
1791654980.960 401 0.006
1791654981.461 401 0.010
1791654981.962 401 0.015
1791654982.463 401 0.012
1791654982.963 401 0.005
1791654983.464 401 0.015
1791654983.964 401 0.010
1791654984.465 401 0.014
1791654984.965 401 0.003
1791654985.466 401 0.013
1791654985.967 401 0.004
1791654986.468 401 0.013
1791654986.968 401 0.012
1791654987.469 401 0.011
1791654987.970 401 0.003
1791654988.471 401 0.014
1791654988.971 401 0.004
1791654989.472 401 0.012
1791654989.972 401 0.003
1791654990.473 401 0.015
1791654990.973 401 0.005
1791654991.474 401 0.008
1791654991.974 401 0.003
1791654992.475 401 0.009
1791654992.975 401 0.003
1791654993.476 401 0.010
1791654993.977 401 0.010
1791654994.477 401 0.010
1791654994.978 401 0.002
1791654995.479 401 0.012
1791654995.979 401 0.003
1791654996.480 401 0.009
1791654996.980 401 0.003
1791654997.480 401 0.010
1791654997.981 401 0.003
1791654998.481 401 0.009
1791654998.982 401 0.009
1791654999.483 401 0.011
1791654999.983 401 0.002
1791655000.483 401 0.011
1791655000.984 401 0.004
1791655001.484 401 0.010
1791655001.984 401 0.007
1791655002.486 401 0.019
1791655002.986 401 0.004
1791655003.487 401 0.011
1791655003.987 401 0.004
1791655004.488 401 0.013
1791655004.988 401 0.003
1791655005.489 401 0.012
1791655005.989 401 0.005
1791655006.490 401 0.011
1791655006.991 401 0.013
1791655007.492 401 0.011
1791655007.992 401 0.004
1791655008.493 401 0.011
1791655008.993 401 0.003
1791655009.493 401 0.013
1791655009.994 401 0.014
1791655010.495 401 0.011
1791655010.995 401 0.003
1791655011.496 401 0.008
1791655011.996 401 0.003
1791655012.497 401 0.011
1791655012.998 401 0.029
1791655013.499 401 0.013
1791655013.999 401 0.004
1791655014.500 401 0.012
1791655015.001 401 0.011
1791655015.501 401 0.015
1791655016.002 401 0.002
1791655016.502 401 0.009
1791655017.003 401 0.003
1791655017.503 401 0.008
1791655018.003 401 0.006
1791655018.504 401 0.009
1791655019.004 401 0.026
1791655019.505 401 0.028
1791655020.006 401 0.030
1791655020.507 401 0.013
1791655021.007 401 0.003
1791655021.507 401 0.009
1791655022.008 401 0.004
1791655022.508 401 0.011
1791655023.009 401 0.011
1791655023.510 401 0.011
1791655024.010 401 0.004
1791655024.511 401 0.013
1791655025.012 401 0.012
1791655025.513 401 0.010
1791655026.013 401 0.004
1791655026.514 401 0.010
1791655027.014 401 0.004
1791655027.515 401 0.013
1791655028.016 401 0.010
1791655028.516 401 0.010
1791655029.016 401 0.004
1791655029.517 401 0.012
1791655030.017 401 0.003
1791655030.518 401 0.010
1791655031.018 401 0.009
1791655031.519 401 0.008
1791655032.019 401 0.004
1791655032.520 401 0.010
1791655033.020 401 0.003
1791655033.521 401 0.013
1791655034.021 401 0.004
1791655034.522 401 0.010
1791655035.022 401 0.003
1791655035.523 401 0.014
1791655036.024 401 0.017
1791655036.524 401 0.030
1791655037.025 401 0.025
1791655037.526 401 0.045
1791655038.027 401 0.037
1791655038.528 401 0.012
1791655039.029 401 0.011
1791655039.530 401 0.016
1791655040.030 401 0.003
1791655040.531 401 0.009
1791655041.031 401 0.005
1791655041.531 401 0.019
1791655042.032 401 0.006
1791655042.532 401 0.006
1791655043.032 401 0.003
1791655043.533 401 0.017
1791655044.033 401 0.005
1791655044.534 401 0.011
1791655045.035 401 0.011
1791655045.535 401 0.012
1791655046.035 401 0.003
1791655046.536 401 0.009
1791655047.037 401 0.009
1791655047.537 401 0.009
1791655048.039 401 0.006
1791655048.540 401 0.014
1791655049.040 401 0.003
1791655049.541 401 0.011
1791655050.041 401 0.003
1791655050.542 401 0.010
1791655051.042 401 0.005
1791655051.543 401 0.014
1791655052.043 401 0.003
1791655052.544 401 0.009
1791655053.044 401 0.008
1791655053.546 401 0.024
1791655054.046 401 0.009
1791655054.547 401 0.014
1791655055.047 401 0.003
1791655055.548 401 0.011
1791655056.048 401 0.004
1791655056.549 401 0.030
1791655057.050 401 0.024
1791655057.551 401 0.029
1791655058.052 401 0.018
1791655058.553 401 0.018
1791655059.053 401 0.005
1791655059.554 401 0.015
1791655060.054 401 0.004
1791655060.555 401 0.013
1791655061.055 401 0.007
1791655061.556 401 0.007
1791655062.056 401 0.003
1791655062.557 401 0.016
1791655063.057 401 0.005
1791655063.558 401 0.009
1791655064.058 401 0.011
1791655064.559 401 0.008
1791655065.059 401 0.004
1791655065.560 401 0.018
1791655066.060 401 0.006
1791655066.561 401 0.009
1791655067.061 401 0.003
1791655067.562 401 0.010
1791655068.062 401 0.005
1791655068.563 401 0.013
1791655069.063 401 0.005
1791655069.563 401 0.022
1791655070.065 401 0.032
1791655070.565 401 0.024
1791655071.066 401 0.050
1791655071.567 401 0.026
1791655072.067 401 0.008
1791655072.568 401 0.009
1791655073.068 401 0.003
1791655073.569 401 0.008
1791655074.069 401 0.009
1791655074.570 401 0.006
1791655075.070 401 0.004
1791655075.570 401 0.008
1791655076.070 401 0.003
1791655076.571 401 0.008
1791655077.072 401 0.009
1791655077.573 401 0.012
1791655078.073 401 0.004
1791655078.574 401 0.009
1791655079.074 401 0.004
1791655079.574 401 0.009
1791655080.075 401 0.011
1791655080.576 401 0.009
1791655081.076 401 0.003
1791655081.577 401 0.008
1791655082.077 401 0.004
1791655082.578 401 0.009
1791655083.078 401 0.003
1791655083.578 401 0.008
1791655084.079 401 0.002
1791655084.579 401 0.010
1791655085.080 401 0.010
1791655085.581 401 0.009
1791655086.081 401 0.004
1791655086.581 401 0.010
1791655087.082 401 0.003
1791655087.582 401 0.016
1791655088.083 401 0.017
1791655088.584 401 0.020
1791655089.084 401 0.049
1791655089.585 401 0.083
1791655090.086 401 0.237
1791655090.587 401 0.012
1791655091.088 401 0.003
1791655091.588 401 0.009
1791655092.088 401 0.003
1791655092.589 401 0.011
1791655093.089 401 0.004
1791655093.590 401 0.009
1791655094.090 401 0.003
1791655094.591 401 0.010
1791655095.091 401 0.003
1791655095.591 401 0.007
1791655096.091 401 0.003
1791655096.592 401 0.008
1791655097.092 401 0.003
1791655097.593 401 0.009
1791655098.093 401 0.008
1791655098.594 401 0.009
1791655099.094 401 0.003
1791655099.595 401 0.008
1791655100.095 401 0.003
1791655100.595 401 0.009
1791655101.096 401 0.009
1791655101.597 401 0.007
1791655102.097 401 0.002
1791655102.597 401 0.008
1791655103.097 401 0.003
1791655103.598 401 0.009
1791655104.098 401 0.003
1791655104.599 401 0.009
1791655105.099 401 0.008
1791655105.600 401 0.008
1791655106.100 401 0.009
1791655106.601 401 0.008
1791655107.101 401 0.003
1791655107.602 401 0.008
1791655108.102 401 0.003
1791655108.602 401 0.009
1791655109.102 401 0.003
1791655109.603 401 0.009
1791655110.103 401 0.004
1791655110.604 401 0.013
1791655111.104 401 0.002
1791655111.605 401 0.010
1791655112.105 401 0.003
1791655112.606 401 0.008
1791655113.106 401 0.002
1791655113.606 401 0.009
1791655114.107 401 0.010
1791655114.608 401 0.010
1791655115.108 401 0.009
1791655115.609 401 0.009
1791655116.110 401 0.008
1791655116.610 401 0.017
1791655117.111 401 0.003
1791655117.611 401 0.008
1791655118.111 401 0.004
1791655118.612 401 0.008
1791655119.113 401 0.009
1791655119.613 401 0.008
1791655120.114 401 0.002
1791655120.614 401 0.008
1791655121.114 401 0.002
1791655121.615 401 0.006
1791655122.115 401 0.013
1791655122.615 401 0.006
1791655123.116 401 0.002
1791655123.616 401 0.008
1791655124.116 401 0.003
1791655124.617 401 0.008
1791655125.117 401 0.003
1791655125.618 401 0.013
1791655126.118 401 0.006
1791655126.618 401 0.010
1791655127.119 401 0.002
1791655127.619 401 0.009
1791655128.119 401 0.002
1791655128.620 401 0.012
1791655129.120 401 0.008
1791655129.621 401 0.009
1791655130.121 401 0.010
1791655130.621 401 0.006
1791655131.122 401 0.009
1791655131.622 401 0.006
1791655132.122 401 0.009
1791655132.623 401 0.014
1791655133.124 401 0.008
1791655133.624 401 0.004
1791655134.125 401 0.009
1791655134.625 401 0.003
1791655135.126 401 0.008
1791655135.626 401 0.004
1791655136.126 401 0.007
1791655136.627 401 0.003
1791655137.127 401 0.009
1791655137.628 401 0.011
1791655138.129 401 0.010
1791655138.629 401 0.003
1791655139.129 401 0.010
1791655139.630 401 0.018
1791655140.130 401 0.009
1791655140.630 401 0.004
1791655141.130 401 0.008
1791655141.631 401 0.006
1791655142.131 401 0.007
1791655142.631 401 0.004
1791655143.132 401 0.011
1791655143.632 401 0.004
1791655144.134 401 0.012
1791655144.634 401 0.024
1791655145.135 401 0.026
1791655145.635 401 0.018
1791655146.136 401 0.008
1791655146.637 401 0.009
1791655147.137 401 0.008
1791655147.638 401 0.009
1791655148.138 401 0.007
1791655148.638 401 0.004
1791655149.139 401 0.022
1791655149.641 401 0.125
1791655150.144 401 0.305
1791655150.645 401 0.147
1791655151.148 401 0.027
1791655151.649 401 0.277
1791655152.152 401 0.102
1791655152.654 401 0.166
1791655153.157 401 0.023
1791655153.658 401 0.013
1791655154.158 401 0.013
1791655154.658 401 0.005
1791655155.159 401 0.008
1791655155.659 401 0.008
1791655156.159 401 0.009
1791655156.659 401 0.004
1791655157.160 401 0.009
1791655157.660 401 0.007
1791655158.161 401 0.008
1791655158.661 401 0.011
1791655159.163 401 0.016
1791655159.664 401 0.054
1791655160.164 401 0.020
1791655160.664 401 0.026
1791655161.172 401 0.026
1791655161.672 401 0.009
1791655162.173 401 0.008
1791655162.673 401 0.004
1791655163.173 401 0.004
1791655163.673 401 0.003
1791655164.174 401 0.008
1791655164.680 401 0.014
1791655165.180 401 0.023
1791655165.680 401 0.006
1791655166.181 401 0.023
1791655166.681 401 0.008
1791655167.181 401 0.014
1791655167.681 401 0.007
1791655168.184 401 0.018
1791655168.684 401 0.007
1791655169.185 401 0.012
1791655169.685 401 0.006
1791655170.185 401 0.037
1791655170.686 401 0.014
1791655171.187 401 0.091
1791655171.688 401 0.362
1791655172.194 401 0.203
1791655172.696 401 0.085
1791655173.197 401 0.016
1791655173.698 401 0.006
1791655174.199 401 0.022
1791655174.700 401 0.014
1791655175.200 401 0.010
1791655175.700 401 0.007
1791655176.201 401 0.009
1791655176.702 401 0.012
1791655177.202 401 0.009
1791655177.703 401 0.006
1791655178.203 401 0.011
1791655178.704 401 0.013
1791655179.204 401 0.011
1791655179.705 401 0.005
1791655180.205 401 0.009
1791655180.705 401 0.005
1791655181.206 401 0.010
1791655181.706 401 0.006
1791655182.206 401 0.009
1791655182.706 401 0.007
1791655183.207 401 0.009
1791655183.708 401 0.020
1791655184.208 401 0.011
1791655184.708 401 0.006
1791655185.210 401 0.013
1791655185.712 401 0.016
1791655186.213 401 0.010
1791655186.713 401 0.008
1791655187.214 401 0.010
1791655187.715 401 0.007
1791655188.215 401 0.007
1791655188.715 401 0.005
1791655189.216 401 0.007
1791655189.716 401 0.007
1791655190.216 401 0.007
1791655190.717 401 0.008
1791655191.218 401 0.013
1791655191.718 401 0.005
1791655192.219 401 0.011
1791655192.719 401 0.005
1791655193.220 401 0.016
1791655193.721 401 0.011
1791655194.221 401 0.013
1791655194.722 401 0.004
1791655195.222 401 0.015
1791655195.723 401 0.011
1791655196.225 401 0.011
1791655196.726 401 0.004
1791655197.227 401 0.012
1791655197.727 401 0.005
1791655198.229 401 0.021
1791655198.729 401 0.003
1791655199.230 401 0.011
1791655199.730 401 0.004
1791655200.231 401 0.013
1791655200.731 401 0.004
1791655201.232 401 0.011
1791655201.732 401 0.004
1791655202.233 401 0.120
1791655202.734 401 0.135
1791655203.235 401 0.165
1791655203.736 401 0.014
1791655204.238 401 0.015
1791655204.738 401 0.004
1791655205.240 401 0.014
1791655205.740 401 0.003
1791655206.241 401 0.014
1791655206.741 401 0.005
1791655207.243 401 0.011
1791655207.743 401 0.003
1791655208.243 401 0.012
1791655208.743 401 0.003
1791655209.245 401 0.011
1791655209.746 401 0.003
1791655210.246 401 0.008
1791655210.746 401 0.006
1791655211.246 401 0.013
1791655211.747 401 0.006
1791655212.247 401 0.014
1791655212.747 401 0.004
1791655213.248 401 0.010
1791655213.748 401 0.004
1791655214.248 401 0.013
1791655214.748 401 0.004
1791655215.249 401 0.011
1791655215.749 401 0.005
1791655216.250 401 0.011
1791655216.750 401 0.005
1791655217.250 401 0.014
1791655217.751 401 0.005
1791655218.255 401 0.022
1791655218.755 401 0.003
1791655219.255 401 0.012
1791655219.756 401 0.008
1791655220.256 401 0.011
1791655220.757 401 0.006
1791655221.258 401 0.017
1791655221.758 401 0.003
1791655222.258 401 0.011
1791655222.758 401 0.004
1791655223.260 401 0.017
1791655223.760 401 0.005
1791655224.261 401 0.011
1791655224.761 401 0.005
1791655225.262 401 0.013
1791655225.762 401 0.003
1791655226.263 401 0.025
1791655226.763 401 0.004
1791655227.264 401 0.011
1791655227.764 401 0.010
1791655228.265 401 0.013
1791655228.765 401 0.003
1791655229.266 401 0.012
1791655229.766 401 0.004
1791655230.267 401 0.015
1791655230.768 401 0.011
1791655231.268 401 0.012
1791655231.768 401 0.009
1791655232.269 401 0.012
1791655232.769 401 0.003
1791655233.270 401 0.058
1791655233.771 401 0.073
1791655234.271 401 0.087
1791655234.772 401 0.012
1791655235.273 401 0.014
1791655235.773 401 0.003
1791655236.274 401 0.010
1791655236.774 401 0.005
1791655237.275 401 0.009
1791655237.775 401 0.003
1791655238.276 401 0.023
1791655238.776 401 0.007
1791655239.277 401 0.010
1791655239.777 401 0.003
1791655240.279 401 0.011
1791655240.780 401 0.007
1791655241.281 401 0.020
1791655241.781 401 0.003
1791655242.282 401 0.010
1791655242.782 401 0.003
1791655243.283 401 0.009
1791655243.783 401 0.002
1791655244.283 401 0.011
1791655244.784 401 0.006
1791655245.284 401 0.009
1791655245.784 401 0.004
1791655246.285 401 0.014
1791655246.786 401 0.003
1791655247.286 401 0.009
1791655247.787 401 0.011
1791655248.288 401 0.010
1791655248.789 401 0.005
1791655249.289 401 0.009
1791655249.790 401 0.003
1791655250.291 401 0.010
1791655250.792 401 0.010
1791655251.292 401 0.009
1791655251.793 401 0.003
1791655252.293 401 0.008
1791655252.794 401 0.010
1791655253.295 401 0.011
1791655253.795 401 0.004
1791655254.297 401 0.013
1791655254.797 401 0.008
1791655255.298 401 0.009
1791655255.798 401 0.003
1791655256.299 401 0.010
1791655256.799 401 0.002
1791655257.300 401 0.011
1791655257.800 401 0.003
1791655258.301 401 0.009
1791655258.801 401 0.009
1791655259.302 401 0.009
1791655259.803 401 0.009
1791655260.304 401 0.011
1791655260.804 401 0.003
1791655261.305 401 0.011
1791655261.805 401 0.007
1791655262.306 401 0.019
1791655262.807 401 0.003
1791655263.307 401 0.008
1791655263.807 401 0.003
1791655264.309 401 0.013
1791655264.809 401 0.003
1791655265.310 401 0.048
1791655265.810 401 0.034
1791655266.311 401 0.094
1791655266.812 401 0.008
1791655267.313 401 0.014
1791655267.813 401 0.003
1791655268.314 401 0.011
1791655268.815 401 0.009
1791655269.316 401 0.010
1791655269.817 401 0.009
1791655270.318 401 0.008
1791655270.818 401 0.004
1791655271.319 401 0.011
1791655271.819 401 0.003
1791655272.319 401 0.009
1791655272.820 401 0.003
1791655273.320 401 0.009
1791655273.821 401 0.003
1791655274.321 401 0.009
1791655274.822 401 0.024
1791655275.323 401 0.020
1791655275.823 401 0.003
1791655276.324 401 0.009
1791655276.825 401 0.008
1791655277.325 401 0.009
1791655277.825 401 0.003
1791655278.326 401 0.009
1791655278.828 401 0.013
1791655279.329 401 0.008
1791655279.829 401 0.003
1791655280.330 401 0.009
1791655280.830 401 0.003
1791655281.330 401 0.010
1791655281.830 401 0.005
1791655282.331 401 0.011
1791655282.831 401 0.005
1791655283.332 401 0.010
1791655283.832 401 0.005
1791655284.333 401 0.009
1791655284.833 401 0.004
1791655285.334 401 0.009
1791655285.834 401 0.005
1791655286.334 401 0.008
1791655286.835 401 0.003
1791655287.335 401 0.009
1791655287.836 401 0.004
1791655288.336 401 0.009
1791655288.836 401 0.003
1791655289.337 401 0.008
1791655289.837 401 0.002
1791655290.338 401 0.008
1791655290.839 401 0.009
1791655291.339 401 0.008
1791655291.840 401 0.003
1791655292.340 401 0.009
1791655292.840 401 0.003
1791655293.341 401 0.006
1791655293.841 noanswer:URLError 0.001
1791655294.342 noanswer:URLError 0.004
1791655294.842 noanswer:URLError 0.001
1791655295.342 noanswer:URLError 0.004
1791655295.843 noanswer:URLError 0.003
1791655296.344 noanswer:URLError 0.004
1791655296.844 noanswer:URLError 0.001
1791655297.345 noanswer:URLError 0.004
1791655297.845 noanswer:URLError 0.001
1791655298.346 noanswer:URLError 0.004
1791655298.846 noanswer:URLError 0.001
1791655299.347 noanswer:URLError 0.004
1791655299.847 noanswer:URLError 0.001
1791655300.347 noanswer:URLError 0.004
1791655300.847 noanswer:URLError 0.001
1791655301.348 noanswer:URLError 0.004
1791655301.849 noanswer:URLError 0.001
1791655302.349 noanswer:URLError 0.004
1791655302.849 noanswer:URLError 0.001
1791655303.350 noanswer:URLError 0.004
1791655303.850 noanswer:URLError 0.001
1791655304.351 noanswer:URLError 0.004
1791655304.852 noanswer:URLError 0.004
1791655305.353 noanswer:URLError 0.007
1791655305.853 noanswer:URLError 0.001
1791655306.354 noanswer:URLError 0.005
1791655306.854 noanswer:URLError 0.005
1791655307.355 noanswer:URLError 0.004
1791655307.855 noanswer:URLError 0.001
1791655308.356 noanswer:URLError 0.004
1791655308.856 noanswer:URLError 0.001
1791655309.357 noanswer:URLError 0.004
1791655309.857 noanswer:URLError 0.003
1791655310.358 noanswer:URLError 0.004
1791655310.858 noanswer:URLError 0.001
1791655311.358 noanswer:URLError 0.004
1791655311.859 noanswer:URLError 0.001
1791655312.359 noanswer:URLError 0.004
1791655312.859 noanswer:URLError 0.001
1791655313.360 noanswer:URLError 0.005
1791655313.860 noanswer:URLError 0.001
1791655314.361 noanswer:URLError 0.004
1791655314.861 noanswer:URLError 0.001
1791655315.362 noanswer:URLError 0.004
1791655315.862 noanswer:URLError 0.001
1791655316.362 401 0.003
1791655316.862 401 0.003
1791655317.363 401 0.011
1791655317.863 401 0.003
1791655318.363 401 0.007
1791655318.864 401 0.003
1791655319.364 401 0.007
1791655319.864 401 0.004
1791655320.365 401 0.005
1791655320.865 401 0.004
1791655321.365 401 0.007
1791655321.865 401 0.006
1791655322.366 401 0.006
1791655322.866 401 0.004
1791655323.366 401 0.005
1791655323.866 401 0.002
1791655324.367 401 0.008
1791655324.868 401 0.008
1791655325.369 401 0.014
1791655325.869 401 0.003
1791655326.370 401 0.007
1791655326.871 401 0.007
1791655327.371 401 0.006
1791655327.871 401 0.002
1791655328.371 401 0.007
1791655328.871 401 0.002
1791655329.372 401 0.007
1791655329.873 401 0.031
1791655330.375 401 0.074
1791655330.876 401 0.009
1791655331.376 401 0.013
1791655331.877 401 0.004
1791655332.377 401 0.009
1791655332.878 401 0.003
1791655333.378 401 0.007
1791655333.879 401 0.007
1791655334.379 401 0.008
1791655334.880 401 0.003
1791655335.381 401 0.012
1791655335.882 401 0.014
1791655336.382 401 0.010
1791655336.883 401 0.004
1791655337.384 401 0.009
1791655337.884 401 0.008
1791655338.385 401 0.009
1791655338.885 401 0.003
1791655339.386 401 0.008
1791655339.886 401 0.009
1791655340.387 401 0.011
1791655340.887 401 0.003
1791655341.388 401 0.009
1791655341.888 401 0.002
1791655342.389 401 0.007
1791655342.889 401 0.003
1791655343.390 401 0.007
1791655343.890 401 0.004
1791655344.391 401 0.007
1791655344.892 401 0.008
1791655345.393 401 0.008
1791655345.893 401 0.003
1791655346.393 401 0.009
1791655346.894 401 0.006
1791655347.394 401 0.009
1791655347.895 401 0.002
1791655348.395 401 0.008
1791655348.896 401 0.002
1791655349.396 401 0.009
1791655349.896 401 0.003
1791655350.397 401 0.008
1791655350.898 401 0.009
1791655351.399 401 0.049
1791655351.899 401 0.046
1791655352.401 401 0.011
1791655352.901 401 0.002
1791655353.401 401 0.009
1791655353.902 401 0.003
1791655354.403 401 0.009
1791655354.903 401 0.008
1791655355.404 401 0.007
1791655355.904 401 0.003
1791655356.405 401 0.010
1791655356.906 401 0.011
1791655357.407 401 0.013
1791655357.907 401 0.005
1791655358.408 401 0.021
1791655358.908 401 0.009
1791655359.410 401 0.023
1791655359.910 401 0.006
1791655360.411 401 0.021
1791655360.912 401 0.020
1791655361.413 401 0.210
1791655361.913 401 0.021
1791655362.415 401 0.156
1791655362.915 401 0.023
1791655363.416 401 0.032
1791655363.917 401 0.036
1791655364.417 401 0.027
1791655364.918 401 0.016
1791655365.419 401 0.022
1791655365.919 401 0.025
1791655366.420 401 0.008
1791655366.920 401 0.008
1791655367.421 401 0.011
1791655367.922 401 0.004
1791655368.422 401 0.009
1791655368.923 401 0.020
1791655369.424 401 0.009
1791655369.924 401 0.003
1791655370.425 401 0.010
1791655370.926 401 0.003
1791655371.426 401 0.010
1791655371.926 401 0.003
1791655372.427 401 0.008
1791655372.927 401 0.003
1791655373.428 401 0.010
1791655373.928 401 0.003
1791655374.429 401 0.010
1791655374.930 401 0.003
1791655375.430 401 0.008
1791655375.931 401 0.008
1791655376.432 401 0.007
1791655376.932 401 0.003
1791655377.432 401 0.008
1791655377.933 401 0.007
1791655378.434 401 0.018
1791655378.934 401 0.003
1791655379.435 401 0.008
1791655379.935 401 0.003
1791655380.435 401 0.008
1791655380.936 401 0.008
1791655381.437 401 0.008
1791655381.937 401 0.003
1791655382.438 401 0.007
1791655382.938 401 0.008
1791655383.439 401 0.007
1791655383.939 401 0.003
1791655384.440 401 0.012
1791655384.941 401 0.003
1791655385.441 401 0.010
1791655385.942 401 0.002
1791655386.442 401 0.009
1791655386.943 401 0.003
1791655387.443 401 0.011
1791655387.944 401 0.010
1791655388.444 401 0.005
1791655388.945 401 0.004
1791655389.445 401 0.011
1791655389.946 401 0.006
1791655390.446 401 0.007
1791655390.946 401 0.003
1791655391.447 401 0.008
1791655391.948 401 0.009
1791655392.449 401 0.010
1791655392.949 401 0.004
1791655393.449 401 0.009
1791655393.950 401 0.020
1791655394.451 401 0.037
1791655394.951 401 0.142
1791655395.463 401 0.504
1791655395.969 401 0.580
1791655396.550 401 0.017
1791655397.050 401 0.003
1791655397.550 401 0.004
1791655398.050 401 0.002
1791655398.551 401 0.008
1791655399.051 401 0.003
1791655399.552 401 0.012
1791655400.052 401 0.007
1791655400.553 401 0.008
1791655401.053 401 0.004
1791655401.554 401 0.008
1791655402.054 401 0.006
1791655402.555 401 0.008
1791655403.055 401 0.003
1791655403.556 401 0.008
1791655404.056 401 0.003
1791655404.556 401 0.005
1791655405.057 401 0.009
1791655405.558 401 0.008
1791655406.058 401 0.003
1791655406.559 401 0.013
1791655407.059 401 0.002
1791655407.560 401 0.008
1791655408.061 401 0.008
1791655408.561 401 0.010
1791655409.062 401 0.003
1791655409.562 401 0.009
1791655410.062 401 0.003
1791655410.563 401 0.011
1791655411.064 401 0.006
1791655411.564 401 0.008
1791655412.064 401 0.003
1791655412.565 401 0.007
1791655413.065 401 0.003
1791655413.566 401 0.008
1791655414.067 401 0.009
1791655414.567 401 0.007
1791655415.067 401 0.003
1791655415.568 401 0.010
1791655416.068 401 0.005
1791655416.569 401 0.009
1791655417.069 401 0.004
1791655417.569 401 0.007
1791655418.069 401 0.003
1791655418.570 401 0.007
1791655419.070 401 0.002
1791655419.571 401 0.009
1791655420.071 401 0.003
1791655420.572 401 0.012
1791655421.073 401 0.009
1791655421.573 401 0.008
1791655422.073 401 0.003
1791655422.574 401 0.009
1791655423.074 401 0.003
1791655423.575 401 0.008
1791655424.075 401 0.007
1791655424.576 401 0.007
1791655425.076 401 0.003
1791655425.577 401 0.017
1791655426.078 401 0.010
1791655426.578 401 0.007
1791655427.079 401 0.003
1791655427.579 401 0.005
1791655428.079 401 0.003
1791655428.580 401 0.007
1791655429.080 401 0.007
1791655429.580 401 0.006
1791655430.080 401 0.008
1791655430.581 401 0.008
1791655431.081 401 0.002
1791655431.581 401 0.006
1791655432.082 401 0.003
1791655432.582 401 0.008
1791655433.082 401 0.003
1791655433.583 401 0.010
1791655434.084 401 0.017
1791655434.586 401 0.009
1791655435.086 401 0.003
1791655435.586 401 0.004
1791655436.086 401 0.008
1791655436.586 401 0.007
1791655437.086 401 0.004
1791655437.587 401 0.006
1791655438.087 401 0.003
1791655438.587 401 0.005
1791655439.089 401 0.005
1791655439.591 401 0.012
1791655440.091 401 0.003
1791655440.591 401 0.005
1791655441.091 401 0.003
1791655441.592 401 0.019
1791655442.093 401 0.005
1791655442.593 401 0.009
1791655443.093 401 0.003
1791655443.594 401 0.010
1791655444.094 401 0.007
1791655444.595 401 0.009
1791655445.095 401 0.007
1791655445.596 401 0.009
1791655446.096 401 0.009
1791655446.597 401 0.011
1791655447.097 401 0.007
1791655447.598 401 0.011
1791655448.098 401 0.004
1791655448.600 401 0.010
1791655449.100 401 0.003
1791655449.601 401 0.009
1791655450.101 401 0.007
1791655450.601 401 0.009
1791655451.101 401 0.004
1791655451.602 401 0.015
1791655452.102 401 0.004
1791655452.603 401 0.015
1791655453.103 401 0.004
1791655453.604 401 0.009
1791655454.104 401 0.003
1791655454.605 401 0.009
1791655455.107 401 0.009
1791655455.607 401 0.012
1791655456.108 401 0.005
1791655456.608 401 0.007
1791655457.108 401 0.003
1791655457.608 401 0.007
1791655458.108 401 0.012
1791655458.609 401 0.008
1791655459.109 401 0.006
1791655459.609 noanswer:RemoteDisconnected 0.903
1791655460.513 noanswer:URLError 0.001
1791655461.013 noanswer:URLError 0.001
1791655461.513 noanswer:URLError 0.001
1791655462.013 noanswer:URLError 0.001
1791655462.513 noanswer:URLError 0.001
1791655463.014 noanswer:URLError 0.003
1791655463.514 noanswer:URLError 0.003
1791655464.014 noanswer:URLError 0.001
1791655464.514 noanswer:URLError 0.002
1791655465.014 noanswer:URLError 0.001
1791655465.515 noanswer:URLError 0.003
1791655466.015 noanswer:URLError 0.001
1791655466.515 noanswer:URLError 0.002
1791655467.015 noanswer:URLError 0.000
1791655467.515 noanswer:URLError 0.002
1791655468.016 noanswer:URLError 0.001
1791655468.516 noanswer:URLError 0.001
1791655469.016 noanswer:URLError 0.001
1791655469.516 noanswer:URLError 0.001
1791655470.016 noanswer:URLError 0.001
1791655470.516 noanswer:URLError 0.002
1791655471.017 noanswer:URLError 0.001
1791655471.517 noanswer:URLError 0.003
1791655472.017 noanswer:URLError 0.001
1791655472.517 noanswer:URLError 0.002
1791655473.018 noanswer:URLError 0.001
1791655473.518 noanswer:URLError 0.002
1791655474.018 noanswer:URLError 0.001
1791655474.519 noanswer:URLError 0.003
1791655475.019 noanswer:URLError 0.002
1791655475.519 noanswer:URLError 0.003
1791655476.019 noanswer:URLError 0.001
1791655476.519 noanswer:URLError 0.001
1791655477.020 noanswer:URLError 0.001
1791655477.520 noanswer:URLError 0.002
1791655478.020 noanswer:URLError 0.001
1791655478.520 noanswer:URLError 0.002
1791655479.021 noanswer:URLError 0.001
1791655479.521 noanswer:URLError 0.003
1791655480.022 noanswer:URLError 0.001
1791655480.522 noanswer:URLError 0.001
1791655481.022 noanswer:URLError 0.001
1791655481.523 noanswer:URLError 0.003
1791655482.023 noanswer:URLError 0.001
1791655482.523 noanswer:URLError 0.002
1791655483.023 noanswer:URLError 0.001
1791655483.523 noanswer:URLError 0.002
1791655484.024 noanswer:URLError 0.001
1791655484.524 noanswer:URLError 0.002
1791655485.024 noanswer:URLError 0.001
1791655485.524 noanswer:URLError 0.011
1791655486.025 noanswer:URLError 0.001
1791655486.525 noanswer:URLError 0.005
1791655487.025 noanswer:URLError 0.001
1791655487.525 noanswer:URLError 0.002
1791655488.026 401 0.004
1791655488.526 401 0.006
1791655489.026 401 0.003
1791655489.527 401 0.007
1791655490.028 401 0.008
1791655490.528 401 0.006
1791655491.028 401 0.003
1791655491.529 401 0.007
1791655492.030 401 0.009
1791655492.530 401 0.004
1791655493.030 401 0.003
1791655493.530 401 0.004
1791655494.031 401 0.006
1791655494.531 401 0.008
1791655495.032 401 0.002
1791655495.532 401 0.005
1791655496.035 401 0.009
1791655496.535 401 0.006
1791655497.036 401 0.003
1791655497.536 401 0.005
1791655498.036 401 0.003
1791655498.536 401 0.005
1791655499.037 401 0.007
1791655499.539 401 0.028
1791655500.134 401 0.102
1791655500.635 401 0.007
1791655501.136 401 0.019
1791655501.636 401 0.003
1791655502.137 401 0.007
1791655502.637 401 0.011
1791655503.138 401 0.009
1791655503.639 401 0.061
1791655504.142 401 0.007
1791655504.642 401 0.006
1791655505.143 401 0.012
1791655505.644 401 0.004
1791655506.144 401 0.023
1791655506.644 401 0.003
1791655507.145 401 0.007
1791655507.645 401 0.003
1791655508.146 401 0.012
1791655508.646 401 0.003
1791655509.146 401 0.006
1791655509.646 401 0.003
1791655510.147 401 0.007
1791655510.647 401 0.003
1791655511.148 401 0.007
1791655511.648 401 0.003
1791655512.148 401 0.007
1791655512.648 401 0.003
1791655513.149 401 0.006
1791655513.649 401 0.004
1791655514.150 401 0.006
1791655514.650 401 0.003
1791655515.151 401 0.008
1791655515.651 401 0.003
1791655516.151 401 0.006
1791655516.652 401 0.006
1791655517.152 401 0.007
1791655517.653 401 0.003
1791655518.153 401 0.010
1791655518.653 401 0.003
1791655519.153 401 0.006
1791655519.653 401 0.003
1791655520.154 401 0.006
1791655520.654 401 0.003
1791655521.154 401 0.006
1791655521.654 401 0.002
1791655522.154 401 0.006
1791655522.655 401 0.002
1791655523.155 401 0.006
1791655523.655 401 0.002
1791655524.155 401 0.007
1791655524.655 401 0.002
1791655525.156 401 0.007
1791655525.656 401 0.009
1791655526.157 401 0.008
1791655526.658 401 0.017
1791655527.158 401 0.007
1791655527.659 401 0.006
1791655528.159 401 0.007
1791655528.659 401 0.004
1791655529.159 401 0.007
1791655529.660 401 0.003
1791655530.160 401 0.006
1791655530.660 401 0.006
1791655531.160 401 0.007
1791655531.661 401 0.002
1791655532.161 401 0.007
1791655532.661 401 0.004
1791655533.162 401 0.007
1791655533.663 401 0.010
1791655534.164 401 0.007
1791655534.664 401 0.003
1791655535.164 401 0.007
1791655535.665 401 0.003
1791655536.166 401 0.006
1791655536.666 401 0.003
1791655537.166 401 0.007
1791655537.667 401 0.003
1791655538.168 401 0.007
1791655538.668 401 0.006
1791655539.168 401 0.008
1791655539.669 401 0.003
1791655540.169 401 0.007
1791655540.669 401 0.003
1791655541.169 401 0.006
1791655541.669 401 0.003
1791655542.170 401 0.006
1791655542.670 401 0.003
1791655543.171 401 0.007
1791655543.671 401 0.003
1791655544.171 401 0.007
1791655544.671 401 0.003
1791655545.172 401 0.007
1791655545.672 401 0.004
1791655546.173 401 0.006
1791655546.673 401 0.004
1791655547.173 401 0.008
1791655547.673 401 0.004
1791655548.174 401 0.012
1791655548.674 401 0.005
1791655549.174 401 0.006
1791655549.674 401 0.003
1791655550.175 401 0.041
1791655550.677 401 0.007
1791655551.178 401 0.015
1791655551.678 401 0.003
1791655552.179 401 0.008
1791655552.679 401 0.004
1791655553.179 401 0.006
1791655553.679 401 0.004
1791655554.180 401 0.006
1791655554.680 401 0.005
1791655555.181 401 0.007
1791655555.681 401 0.004
1791655556.181 401 0.007
1791655556.681 401 0.004
1791655557.183 401 0.007
1791655557.683 401 0.010
1791655558.184 401 0.007
1791655558.684 401 0.005
1791655559.185 401 0.007
1791655559.686 401 0.034
1791655560.186 401 0.013
1791655560.688 401 0.338
1791655561.188 401 0.010
1791655561.690 401 0.009
1791655562.190 401 0.007
1791655562.691 401 0.019
1791655563.192 401 0.011
1791655563.692 401 0.019
1791655564.193 401 0.034
1791655564.706 401 0.018
1791655565.207 401 0.009
1791655565.707 401 0.004
1791655566.208 401 0.006
1791655566.708 401 0.031
1791655567.209 401 0.007
1791655567.709 401 0.008
1791655568.211 401 0.009
1791655568.711 401 0.003
1791655569.212 401 0.007
1791655569.712 401 0.003
1791655570.212 401 0.003
1791655570.713 401 0.002
1791655571.213 401 0.009
1791655571.713 401 0.003
1791655572.214 401 0.009
1791655572.714 401 0.003
1791655573.214 401 0.006
1791655573.715 401 0.012
1791655574.216 401 0.021
1791655574.716 401 0.041
1791655575.217 401 0.006
1791655575.717 401 0.008
1791655576.218 401 0.015
1791655576.718 401 0.003
1791655577.218 401 0.002
1791655577.719 401 0.009
1791655578.220 401 0.005
1791655578.720 401 0.003
1791655579.220 401 0.003
1791655579.720 401 0.006
1791655580.221 401 0.003
1791655580.721 401 0.003
1791655581.222 401 0.010
1791655581.723 401 0.007
1791655582.223 401 0.003
1791655582.723 401 0.003
1791655583.224 401 0.002
1791655583.724 401 0.002
1791655584.225 401 0.008
1791655584.725 401 0.002
1791655585.225 401 0.009
1791655585.725 401 0.003
1791655586.226 401 0.009
1791655586.726 401 0.003
1791655587.226 401 0.003
1791655587.726 401 0.002
1791655588.227 401 0.009
1791655588.727 401 0.004
1791655589.228 401 0.003
1791655589.729 401 0.013
1791655590.230 401 0.010
1791655590.730 401 0.002
1791655591.231 401 0.009
1791655591.732 401 0.002
1791655592.233 401 0.011
1791655592.733 401 0.002
1791655593.234 401 0.011
1791655593.735 401 0.008
1791655594.236 401 0.009
1791655594.736 401 0.003
1791655595.237 401 0.015
1791655595.738 401 0.009
1791655596.239 401 0.009
1791655596.739 401 0.002
1791655597.240 401 0.008
1791655597.740 401 0.006
1791655598.241 401 0.003
1791655598.741 401 0.007
1791655599.241 401 0.002
1791655599.742 401 0.006
1791655600.242 401 0.003
1791655600.742 401 0.002
1791655601.243 401 0.010
1791655601.743 401 0.003
1791655602.245 401 0.013
1791655602.745 401 0.002
1791655603.245 401 0.003
1791655603.745 401 0.004
1791655604.246 401 0.009
1791655604.747 401 0.008
1791655605.248 401 0.009
1791655605.748 401 0.002
1791655606.249 401 0.010
1791655606.749 401 0.003
1791655607.250 401 0.007
1791655607.750 401 0.004
1791655608.251 401 0.009
1791655608.752 401 0.009
1791655609.253 401 0.011
1791655609.754 401 0.011
1791655610.256 401 0.010
1791655610.756 401 0.005
1791655611.257 401 0.009
1791655611.757 401 0.008
1791655612.259 401 0.011
1791655612.759 401 0.004
1791655613.260 401 0.009
1791655613.761 401 0.003
1791655614.261 401 0.008
1791655614.761 401 0.003
1791655615.263 401 0.010
1791655615.763 401 0.003
1791655616.264 401 0.009
1791655616.764 401 0.003
1791655617.265 401 0.009
1791655617.766 401 0.007
1791655618.267 401 0.009
1791655618.767 401 0.003
1791655619.268 401 0.010
1791655619.769 401 0.007
1791655620.270 401 0.010
1791655620.771 401 0.003
1791655621.273 401 0.012
1791655621.773 401 0.004
1791655622.274 401 0.010
1791655622.775 401 0.010
1791655623.276 401 0.010
1791655623.776 401 0.005
1791655624.277 401 0.010
1791655624.777 401 0.007
1791655625.278 401 0.010
1791655625.779 401 0.003
1791655626.280 401 0.009
1791655626.780 401 0.004
1791655627.281 401 0.009
1791655627.781 401 0.004
1791655628.282 401 0.009
1791655628.783 401 0.005
1791655629.284 401 0.012
1791655629.784 401 0.004
1791655630.285 401 0.010
1791655630.786 401 0.011
1791655631.287 401 0.012
1791655631.787 401 0.005
1791655632.289 401 0.011
1791655632.789 401 0.004
1791655633.291 401 0.017
1791655633.792 401 0.014
1791655634.293 401 0.173
