# guest clock (epoch s), HTTP status of GET https://127.0.0.1:2083/api/v1/panel/availability on the guest (or noanswer:<error class>), seconds the request took
1791657258.163 401 0.004
1791657258.664 401 0.003
1791657259.164 401 0.007
1791657259.664 401 0.002
1791657260.165 401 0.004
1791657260.665 401 0.003
1791657261.165 401 0.007
1791657261.665 401 0.003
1791657262.166 401 0.003
1791657262.666 401 0.003
1791657263.166 401 0.003
1791657263.666 401 0.004
1791657264.167 401 0.003
1791657264.667 401 0.003
1791657265.167 401 0.002
1791657265.667 401 0.002
1791657266.167 401 0.005
1791657266.668 401 0.004
1791657267.168 401 0.002
1791657267.668 401 0.003
1791657268.169 401 0.005
1791657268.669 401 0.002
1791657269.169 401 0.003
1791657269.669 401 0.002
1791657270.170 401 0.005
1791657270.670 401 0.002
1791657271.170 401 0.002
1791657271.670 401 0.002
1791657272.171 401 0.005
1791657272.671 401 0.002
1791657273.171 401 0.003
1791657273.671 401 0.003
1791657274.171 401 0.003
1791657274.672 401 0.003
1791657275.172 401 0.003
1791657275.672 401 0.003
1791657276.172 401 0.003
1791657276.672 401 0.003
1791657277.173 401 0.004
1791657277.673 401 0.004
1791657278.173 401 0.005
1791657278.673 401 0.004
1791657279.174 401 0.002
1791657279.674 401 0.003
1791657280.174 401 0.006
1791657280.675 401 0.004
1791657281.175 401 0.005
1791657281.675 401 0.005
1791657282.175 401 0.002
1791657282.679 401 0.042
1791657283.179 401 0.006
1791657283.679 401 0.003
1791657284.179 401 0.003
1791657284.679 401 0.006
1791657285.180 401 0.003
1791657285.680 401 0.004
1791657286.180 401 0.002
1791657286.680 401 0.005
1791657287.181 401 0.003
1791657287.681 401 0.003
1791657288.181 401 0.003
1791657288.681 401 0.002
1791657289.182 401 0.005
1791657289.682 401 0.002
1791657290.182 401 0.002
1791657290.682 401 0.002
1791657291.182 401 0.002
1791657291.683 401 0.006
1791657292.183 401 0.003
1791657292.683 401 0.002
1791657293.183 401 0.003
1791657293.684 401 0.008
1791657294.184 401 0.003
1791657294.684 401 0.003
1791657295.184 401 0.003
1791657295.685 401 0.004
1791657296.185 401 0.008
1791657296.685 401 0.003
1791657297.186 401 0.002
1791657297.686 401 0.003
1791657298.186 401 0.029
1791657298.687 401 0.005
1791657299.187 401 0.004
1791657299.688 401 0.015
1791657300.188 401 0.005
1791657300.689 401 0.004
1791657301.189 401 0.003
1791657301.689 401 0.004
1791657302.189 401 0.003
1791657302.690 401 0.005
1791657303.190 401 0.002
1791657303.690 401 0.002
1791657304.190 401 0.002
1791657304.691 401 0.004
1791657305.192 401 0.005
1791657305.692 401 0.004
1791657306.192 401 0.003
1791657306.692 401 0.004
1791657307.192 401 0.004
1791657307.693 401 0.005
1791657308.193 401 0.010
1791657308.693 401 0.004
1791657309.193 401 0.004
1791657309.694 401 0.023
1791657310.194 401 0.006
1791657310.695 401 0.004
1791657311.195 401 0.004
1791657311.695 401 0.003
1791657312.196 401 0.009
1791657312.696 401 0.003
1791657313.196 401 0.003
1791657313.696 401 0.003
1791657314.196 401 0.003
1791657314.696 401 0.004
1791657315.196 401 0.003
1791657315.697 401 0.007
1791657316.197 401 0.003
1791657316.697 401 0.003
1791657317.197 401 0.003
1791657317.698 401 0.010
1791657318.198 401 0.003
1791657318.698 401 0.005
1791657319.198 401 0.003
1791657319.699 401 0.007
1791657320.199 401 0.005
1791657320.699 401 0.003
1791657321.199 401 0.004
1791657321.700 401 0.003
1791657322.200 401 0.004
1791657322.700 401 0.008
1791657323.200 401 0.004
1791657323.701 401 0.007
1791657324.201 401 0.003
1791657324.703 401 0.003
1791657325.204 noanswer:RemoteDisconnected 0.731
1791657325.935 noanswer:URLError 0.001
1791657326.436 noanswer:URLError 0.003
1791657326.936 noanswer:URLError 0.001
1791657327.436 noanswer:URLError 0.001
1791657327.936 noanswer:URLError 0.001
1791657328.436 noanswer:URLError 0.002
1791657328.936 noanswer:URLError 0.001
1791657329.437 noanswer:URLError 0.001
1791657329.937 noanswer:URLError 0.001
1791657330.437 noanswer:URLError 0.001
1791657330.937 noanswer:URLError 0.001
1791657331.437 noanswer:URLError 0.001
1791657331.937 noanswer:URLError 0.001
1791657332.441 noanswer:URLError 0.050
1791657332.942 noanswer:URLError 0.015
1791657333.443 noanswer:URLError 0.004
1791657333.943 noanswer:URLError 0.004
1791657334.443 noanswer:URLError 0.001
1791657334.944 noanswer:URLError 0.001
1791657335.444 noanswer:URLError 0.002
1791657335.944 noanswer:URLError 0.001
1791657336.444 noanswer:URLError 0.001
1791657336.945 noanswer:URLError 0.001
1791657337.445 noanswer:URLError 0.001
1791657337.945 noanswer:URLError 0.001
1791657338.445 noanswer:URLError 0.000
1791657338.945 noanswer:URLError 0.001
1791657339.445 noanswer:URLError 0.001
1791657339.946 noanswer:URLError 0.001
1791657340.446 noanswer:URLError 0.001
1791657340.946 noanswer:URLError 0.001
1791657341.446 noanswer:URLError 0.001
1791657341.947 noanswer:URLError 0.001
1791657342.447 noanswer:URLError 0.001
1791657342.947 noanswer:URLError 0.001
1791657343.447 noanswer:URLError 0.001
1791657343.947 noanswer:URLError 0.000
1791657344.449 noanswer:URLError 0.019
1791657344.949 noanswer:URLError 0.002
1791657345.450 noanswer:URLError 0.001
1791657345.950 noanswer:URLError 0.002
1791657346.450 noanswer:URLError 0.000
1791657346.950 noanswer:URLError 0.001
1791657347.450 noanswer:URLError 0.001
1791657347.950 noanswer:URLError 0.001
1791657348.450 noanswer:URLError 0.001
1791657348.951 noanswer:URLError 0.001
1791657349.451 noanswer:URLError 0.001
1791657349.951 noanswer:URLError 0.001
1791657350.451 noanswer:URLError 0.001
1791657350.952 noanswer:URLError 0.001
1791657351.452 noanswer:URLError 0.000
1791657351.952 noanswer:URLError 0.001
1791657352.452 noanswer:URLError 0.000
1791657352.952 noanswer:URLError 0.001
1791657353.453 noanswer:URLError 0.013
1791657353.954 noanswer:URLError 0.031
1791657354.455 401 0.003
1791657354.955 401 0.003
1791657355.455 401 0.002
1791657355.955 401 0.002
1791657356.455 401 0.002
1791657356.955 401 0.003
1791657357.456 401 0.002
1791657357.956 401 0.002
1791657358.456 401 0.003
1791657358.956 401 0.002
1791657359.456 401 0.005
1791657359.957 401 0.003
1791657360.457 401 0.057
1791657360.959 401 0.064
1791657361.459 401 0.004
1791657361.959 401 0.004
1791657362.459 401 0.003
1791657362.959 401 0.002
1791657363.460 401 0.003
1791657363.960 401 0.004
1791657364.460 401 0.003
1791657364.960 401 0.003
1791657365.460 401 0.002
1791657365.961 401 0.005
1791657366.461 401 0.003
1791657366.961 401 0.003
1791657367.461 401 0.005
1791657367.962 401 0.006
1791657368.462 401 0.003
1791657368.962 401 0.003
1791657369.463 401 0.008
1791657369.964 401 0.007
1791657370.464 401 0.007
1791657370.965 401 0.002
1791657371.465 401 0.005
1791657371.966 401 0.006
1791657372.467 401 0.004
1791657372.967 401 0.004
1791657373.468 401 0.008
1791657373.969 401 0.005
1791657374.470 401 0.004
1791657374.970 401 0.002
1791657375.471 401 0.006
1791657375.971 401 0.005
1791657376.472 401 0.008
1791657376.972 401 0.002
1791657377.473 401 0.004
1791657377.974 401 0.005
1791657378.475 401 0.005
1791657378.975 401 0.002
1791657379.475 401 0.005
1791657379.976 401 0.005
1791657380.477 401 0.004
1791657380.977 401 0.002
1791657381.477 401 0.004
1791657381.977 401 0.002
1791657382.478 401 0.004
1791657382.978 401 0.003
1791657383.478 401 0.004
1791657383.979 401 0.002
1791657384.479 401 0.005
1791657384.979 401 0.004
1791657385.479 401 0.004
1791657385.980 401 0.002
1791657386.480 401 0.004
1791657386.980 401 0.002
1791657387.480 401 0.004
1791657387.981 401 0.004
1791657388.481 401 0.005
1791657388.981 401 0.002
1791657389.481 401 0.003
1791657389.982 401 0.003
1791657390.482 401 0.003
1791657390.982 401 0.002
1791657391.482 401 0.004
1791657391.983 401 0.005
1791657392.483 401 0.005
1791657392.983 401 0.003
1791657393.484 401 0.004
1791657393.984 401 0.002
1791657394.485 401 0.005
1791657394.985 401 0.002
1791657395.485 401 0.003
1791657395.985 401 0.003
1791657396.485 401 0.003
1791657396.986 401 0.005
1791657397.486 401 0.004
1791657397.987 401 0.002
1791657398.487 401 0.004
1791657398.987 401 0.003
1791657399.488 401 0.005
1791657399.988 401 0.004
1791657400.489 401 0.005
1791657400.989 401 0.003
1791657401.489 401 0.004
1791657401.990 401 0.005
1791657402.490 401 0.004
1791657402.990 401 0.003
1791657403.491 401 0.005
1791657403.991 401 0.002
1791657404.491 401 0.004
1791657404.992 401 0.005
1791657405.493 401 0.005
1791657405.993 401 0.002
1791657406.493 401 0.005
1791657406.994 401 0.002
1791657407.494 401 0.005
1791657407.994 401 0.002
1791657408.495 401 0.005
1791657408.995 401 0.003
1791657409.496 401 0.005
1791657409.996 401 0.006
1791657410.497 401 0.005
1791657410.997 401 0.003
1791657411.497 401 0.005
1791657411.997 401 0.003
1791657412.498 401 0.005
1791657412.998 401 0.003
1791657413.499 401 0.005
1791657413.999 401 0.002
1791657414.499 401 0.003
1791657414.999 401 0.002
1791657415.500 401 0.005
1791657416.000 401 0.003
1791657416.501 401 0.004
1791657417.001 401 0.002
1791657417.501 401 0.004
1791657418.002 401 0.007
1791657418.503 401 0.005
1791657419.003 401 0.003
1791657419.503 401 0.004
1791657420.003 401 0.002
1791657420.504 401 0.005
1791657421.004 401 0.003
1791657421.504 401 0.004
1791657422.005 401 0.002
1791657422.505 401 0.004
1791657423.006 401 0.004
1791657423.506 401 0.005
1791657424.006 401 0.002
1791657424.507 401 0.005
1791657425.007 401 0.005
1791657425.508 401 0.004
1791657426.008 401 0.003
1791657426.508 401 0.005
1791657427.009 401 0.005
1791657427.509 401 0.006
1791657428.010 401 0.003
1791657428.510 401 0.004
1791657429.011 401 0.004
1791657429.511 401 0.003
1791657430.011 401 0.002
1791657430.512 401 0.005
1791657431.012 401 0.004
1791657431.512 401 0.004
1791657432.013 401 0.002
1791657432.513 401 0.005
1791657433.015 401 0.006
1791657433.515 401 0.005
1791657434.015 401 0.003
1791657434.516 401 0.004
1791657435.016 401 0.002
1791657435.516 401 0.005
1791657436.017 401 0.006
1791657436.518 401 0.006
1791657437.018 401 0.002
1791657437.519 401 0.004
1791657438.019 401 0.002
1791657438.519 401 0.004
1791657439.020 401 0.005
1791657439.520 401 0.004
1791657440.020 401 0.002
1791657440.521 401 0.005
1791657441.021 401 0.003
1791657441.521 401 0.005
1791657442.021 401 0.003
1791657442.522 401 0.005
1791657443.022 401 0.002
1791657443.523 401 0.004
1791657444.023 401 0.006
1791657444.524 401 0.005
1791657445.024 401 0.002
1791657445.524 401 0.003
1791657446.024 401 0.002
1791657446.525 401 0.005
1791657447.026 401 0.007
1791657447.526 401 0.016
1791657448.027 401 0.004
1791657448.527 401 0.026
1791657449.028 401 0.005
1791657449.529 401 0.004
1791657450.029 401 0.003
1791657450.529 401 0.005
1791657451.029 401 0.002
1791657451.530 401 0.005
1791657452.031 401 0.007
1791657452.531 401 0.004
1791657453.031 401 0.004
1791657453.532 401 0.005
1791657454.032 401 0.004
1791657454.533 401 0.004
1791657455.033 401 0.003
1791657455.533 401 0.004
1791657456.034 401 0.003
1791657456.534 401 0.005
1791657457.034 401 0.003
1791657457.535 401 0.005
1791657458.035 401 0.004
1791657458.536 401 0.004
1791657459.036 401 0.002
1791657459.536 401 0.005
1791657460.037 401 0.004
1791657460.537 401 0.005
1791657461.037 401 0.004
1791657461.538 401 0.006
1791657462.038 401 0.003
1791657462.539 401 0.005
1791657463.039 401 0.006
1791657463.540 401 0.005
1791657464.040 401 0.003
1791657464.541 401 0.007
1791657465.041 401 0.004
1791657465.542 401 0.006
1791657466.042 401 0.003
1791657466.542 401 0.009
1791657467.043 401 0.004
1791657467.543 401 0.004
1791657468.043 401 0.003
1791657468.544 401 0.006
1791657469.044 401 0.003
1791657469.545 401 0.008
1791657470.045 401 0.005
1791657470.546 401 0.006
1791657471.046 401 0.003
1791657471.547 401 0.006
1791657472.047 401 0.003
1791657472.547 401 0.004
1791657473.048 401 0.003
1791657473.548 401 0.004
1791657474.048 401 0.004
1791657474.549 401 0.005
1791657475.049 401 0.002
1791657475.549 401 0.005
1791657476.050 401 0.003
1791657476.550 401 0.003
1791657477.050 401 0.002
1791657477.551 401 0.008
1791657478.051 401 0.003
1791657478.551 401 0.005
1791657479.052 401 0.004
1791657479.553 401 0.004
1791657480.053 401 0.002
1791657480.554 401 0.008
1791657481.054 401 0.006
1791657481.555 401 0.004
1791657482.055 401 0.004
1791657482.555 401 0.004
1791657483.055 401 0.003
1791657483.556 401 0.005
1791657484.056 401 0.005
1791657484.557 401 0.006
1791657485.057 401 0.002
1791657485.558 401 0.004
1791657486.058 401 0.002
1791657486.558 401 0.005
1791657487.058 401 0.003
1791657487.559 401 0.004
1791657488.059 401 0.002
1791657488.560 401 0.007
1791657489.060 401 0.002
1791657489.560 401 0.005
1791657490.060 401 0.007
1791657490.561 401 0.005
1791657491.061 401 0.002
1791657491.561 401 0.004
1791657492.062 401 0.003
1791657492.562 401 0.004
1791657493.062 401 0.003
1791657493.563 401 0.005
1791657494.063 401 0.003
1791657494.563 401 0.004
1791657495.064 401 0.002
1791657495.564 401 0.007
1791657496.064 401 0.002
1791657496.565 401 0.005
1791657497.065 401 0.004
1791657497.566 401 0.004
1791657498.066 401 0.003
1791657498.567 401 0.007
1791657499.067 401 0.002
1791657499.568 401 0.007
1791657500.068 401 0.003
1791657500.568 401 0.004
1791657501.068 401 0.002
1791657501.569 401 0.005
1791657502.070 401 0.008
1791657502.570 401 0.008
1791657503.070 401 0.002
1791657503.571 401 0.004
1791657504.071 401 0.002
1791657504.571 401 0.005
1791657505.072 401 0.004
1791657505.572 401 0.006
1791657506.073 401 0.004
1791657506.573 401 0.004
1791657507.074 401 0.006
1791657507.574 401 0.004
1791657508.074 401 0.003
1791657508.575 401 0.005
1791657509.075 401 0.003
1791657509.575 401 0.004
1791657510.076 401 0.005
1791657510.576 401 0.005
1791657511.077 401 0.002
1791657511.577 401 0.005
1791657512.077 401 0.002
1791657512.577 401 0.004
1791657513.078 401 0.002
1791657513.578 401 0.005
1791657514.078 401 0.003
1791657514.579 401 0.004
1791657515.079 401 0.002
1791657515.580 401 0.007
1791657516.080 401 0.002
1791657516.580 401 0.004
1791657517.081 401 0.002
1791657517.581 401 0.005
1791657518.081 401 0.002
1791657518.582 401 0.004
1791657519.082 401 0.002
1791657519.583 401 0.005
1791657520.083 401 0.004
1791657520.583 401 0.007
1791657521.083 401 0.002
1791657521.584 401 0.004
1791657522.084 401 0.004
1791657522.584 401 0.004
1791657523.085 401 0.005
1791657523.585 401 0.006
1791657524.086 401 0.003
1791657524.586 401 0.004
1791657525.086 401 0.003
1791657525.587 401 0.005
1791657526.087 401 0.002
1791657526.587 401 0.004
1791657527.088 401 0.002
1791657527.588 401 0.004
1791657528.088 401 0.005
1791657528.589 401 0.004
1791657529.089 401 0.002
1791657529.589 401 0.005
1791657530.090 401 0.004
1791657530.590 401 0.004
1791657531.091 401 0.005
1791657531.591 401 0.005
1791657532.091 401 0.002
1791657532.592 401 0.004
1791657533.092 401 0.004
1791657533.593 401 0.004
1791657534.093 401 0.003
1791657534.593 401 0.004
1791657535.093 401 0.002
1791657535.594 401 0.006
1791657536.094 401 0.004
1791657536.594 401 0.004
1791657537.095 401 0.002
1791657537.595 401 0.006
1791657538.095 401 0.003
1791657538.596 401 0.007
1791657539.096 401 0.002
1791657539.596 401 0.004
1791657540.096 401 0.002
1791657540.597 401 0.005
1791657541.097 401 0.003
1791657541.598 401 0.006
1791657542.098 401 0.003
1791657542.598 401 0.004
1791657543.098 401 0.002
1791657543.599 401 0.005
1791657544.099 401 0.003
1791657544.599 401 0.005
1791657545.100 401 0.003
1791657545.600 401 0.004
1791657546.100 401 0.007
1791657546.601 401 0.008
1791657547.101 401 0.002
1791657547.602 401 0.005
1791657548.102 401 0.003
1791657548.602 401 0.004
1791657549.103 401 0.009
1791657549.604 401 0.005
1791657550.104 401 0.002
1791657550.605 401 0.008
1791657551.105 401 0.002
1791657551.605 401 0.009
1791657552.106 401 0.003
1791657552.606 401 0.004
1791657553.106 401 0.002
1791657553.607 401 0.005
1791657554.107 401 0.002
1791657554.608 401 0.008
1791657555.108 401 0.003
1791657555.608 401 0.006
1791657556.108 401 0.004
1791657556.609 401 0.005
1791657557.110 401 0.005
1791657557.610 401 0.007
1791657558.110 401 0.002
1791657558.611 401 0.005
1791657559.111 401 0.002
1791657559.612 401 0.005
1791657560.112 401 0.002
1791657560.612 401 0.004
1791657561.112 401 0.002
1791657561.613 401 0.005
1791657562.113 401 0.002
1791657562.613 401 0.004
1791657563.114 401 0.003
1791657563.614 401 0.014
1791657564.114 401 0.002
1791657564.615 401 0.005
1791657565.115 401 0.006
1791657565.616 401 0.005
1791657566.116 401 0.002
1791657566.616 401 0.005
1791657567.117 401 0.002
1791657567.617 401 0.005
1791657568.118 401 0.002
1791657568.618 401 0.008
1791657569.118 401 0.002
1791657569.619 401 0.004
1791657570.119 401 0.006
1791657570.620 401 0.005
1791657571.120 401 0.002
1791657571.620 401 0.004
1791657572.120 401 0.002
1791657572.621 401 0.003
1791657573.121 401 0.005
1791657573.622 401 0.006
1791657574.122 401 0.002
1791657574.622 401 0.006
1791657575.123 401 0.004
1791657575.623 401 0.003
1791657576.123 401 0.002
1791657576.624 401 0.005
1791657577.124 401 0.002
1791657577.624 401 0.006
1791657578.125 401 0.005
1791657578.625 401 0.004
1791657579.126 401 0.003
1791657579.626 401 0.005
1791657580.126 401 0.003
1791657580.627 401 0.004
1791657581.127 401 0.004
1791657581.627 401 0.004
1791657582.127 401 0.002
1791657582.628 401 0.005
1791657583.128 401 0.002
1791657583.628 401 0.005
1791657584.129 401 0.002
1791657584.629 401 0.005
1791657585.129 401 0.002
1791657585.630 401 0.006
1791657586.130 401 0.003
1791657586.630 401 0.005
1791657587.131 401 0.002
1791657587.631 401 0.004
1791657588.131 401 0.003
1791657588.632 401 0.007
1791657589.132 401 0.003
1791657589.632 401 0.004
1791657590.133 401 0.003
1791657590.633 401 0.005
1791657591.134 401 0.004
1791657591.634 401 0.005
1791657592.134 401 0.002
1791657592.635 401 0.004
1791657593.135 401 0.003
1791657593.635 401 0.004
1791657594.136 401 0.005
1791657594.636 401 0.004
1791657595.136 401 0.002
1791657595.637 401 0.005
1791657596.138 401 0.009
1791657596.638 401 0.003
1791657597.138 401 0.003
1791657597.639 401 0.004
1791657598.139 401 0.002
1791657598.639 401 0.007
1791657599.140 401 0.008
1791657599.640 401 0.003
1791657600.140 401 0.006
1791657600.640 401 0.003
1791657601.141 401 0.007
1791657601.641 401 0.004
1791657602.141 401 0.007
1791657602.641 401 0.005
1791657603.142 401 0.007
1791657603.642 401 0.003
1791657604.143 401 0.006
1791657604.643 401 0.003
1791657605.143 401 0.005
1791657605.644 401 0.004
1791657606.144 401 0.005
1791657606.645 401 0.005
1791657607.145 401 0.005
1791657607.645 401 0.003
1791657608.146 401 0.005
1791657608.646 401 0.003
1791657609.147 401 0.005
1791657609.648 401 0.007
1791657610.148 401 0.005
1791657610.649 401 0.003
1791657611.149 401 0.006
1791657611.650 401 0.007
1791657612.150 401 0.005
1791657612.650 401 0.002
1791657613.151 401 0.004
1791657613.651 401 0.003
1791657614.152 401 0.004
1791657614.652 401 0.006
1791657615.153 401 0.005
1791657615.653 401 0.003
1791657616.153 401 0.004
1791657616.654 401 0.004
1791657617.154 401 0.005
1791657617.655 401 0.004
1791657618.155 401 0.005
1791657618.655 401 0.004
1791657619.156 401 0.005
1791657619.656 401 0.002
1791657620.156 401 0.004
1791657620.656 401 0.003
1791657621.157 401 0.006
1791657621.657 401 0.003
1791657622.157 401 0.005
1791657622.658 401 0.003
1791657623.158 401 0.004
1791657623.658 401 0.003
1791657624.159 401 0.005
1791657624.659 401 0.002
1791657625.159 401 0.005
1791657625.660 401 0.003
1791657626.161 401 0.005
1791657626.661 401 0.003
1791657627.161 401 0.005
1791657627.662 401 0.004
1791657628.162 401 0.004
1791657628.662 401 0.003
1791657629.163 401 0.005
1791657629.663 401 0.003
1791657630.163 401 0.005
1791657630.663 401 0.003
1791657631.164 401 0.005
1791657631.664 401 0.004
1791657632.165 401 0.006
1791657632.665 401 0.005
1791657633.165 401 0.004
1791657633.666 401 0.002
1791657634.166 401 0.005
1791657634.666 401 0.003
1791657635.167 401 0.008
1791657635.668 401 0.005
1791657636.168 401 0.005
1791657636.668 401 0.002
1791657637.169 401 0.005
1791657637.669 401 0.003
1791657638.169 401 0.005
1791657638.669 401 0.003
1791657639.170 401 0.005
1791657639.670 401 0.003
1791657640.171 401 0.005
1791657640.671 401 0.005
1791657641.172 401 0.017
1791657641.672 401 0.028
1791657642.173 401 0.025
1791657642.673 401 0.005
1791657643.173 401 0.005
1791657643.673 401 0.003
1791657644.174 401 0.006
1791657644.674 401 0.004
1791657645.175 401 0.005
1791657645.675 401 0.003
1791657646.175 401 0.005
1791657646.675 401 0.003
1791657647.176 401 0.005
1791657647.676 401 0.003
1791657648.176 401 0.005
1791657648.677 401 0.006
1791657649.177 401 0.005
1791657649.677 401 0.003
1791657650.178 401 0.005
1791657650.678 401 0.002
1791657651.179 401 0.005
1791657651.679 401 0.003
1791657652.179 401 0.005
1791657652.679 401 0.003
1791657653.179 401 0.005
1791657653.680 401 0.006
1791657654.181 401 0.005
1791657654.681 401 0.003
1791657655.181 401 0.005
1791657655.681 401 0.003
1791657656.182 401 0.008
1791657656.682 401 0.004
1791657657.182 401 0.004
1791657657.683 401 0.003
1791657658.183 401 0.005
1791657658.683 401 0.005
1791657659.183 401 0.005
1791657659.684 401 0.002
1791657660.184 401 0.004
1791657660.684 401 0.003
1791657661.184 401 0.005
1791657661.685 401 0.006
1791657662.185 401 0.005
1791657662.686 401 0.004
1791657663.186 401 0.005
1791657663.686 401 0.003
1791657664.187 401 0.006
1791657664.687 401 0.002
1791657665.187 401 0.005
1791657665.687 401 0.004
1791657666.188 401 0.005
1791657666.688 401 0.003
1791657667.188 401 0.004
1791657667.688 401 0.003
1791657668.189 401 0.005
1791657668.689 401 0.003
1791657669.189 401 0.005
1791657669.689 401 0.003
1791657670.190 401 0.005
1791657670.690 401 0.002
1791657671.190 401 0.006
1791657671.691 401 0.005
1791657672.191 401 0.005
1791657672.691 401 0.003
1791657673.191 401 0.005
1791657673.691 401 0.003
1791657674.192 401 0.008
1791657674.692 401 0.005
1791657675.193 401 0.004
1791657675.693 401 0.003
1791657676.193 401 0.004
1791657676.693 401 0.003
1791657677.193 401 0.008
1791657677.694 401 0.004
1791657678.194 401 0.005
1791657678.694 401 0.003
1791657679.194 401 0.005
1791657679.695 401 0.005
1791657680.195 401 0.006
1791657680.696 401 0.002
1791657681.196 401 0.006
1791657681.696 401 0.004
1791657682.197 401 0.005
1791657682.697 401 0.005
1791657683.197 401 0.004
1791657683.697 401 0.002
1791657684.198 401 0.005
1791657684.698 401 0.003
1791657685.198 401 0.004
1791657685.699 401 0.003
1791657686.199 401 0.004
1791657686.699 401 0.003
1791657687.199 401 0.005
1791657687.700 401 0.002
1791657688.200 401 0.005
1791657688.700 401 0.002
1791657689.201 401 0.004
1791657689.701 401 0.002
1791657690.201 401 0.005
1791657690.701 401 0.002
1791657691.202 401 0.005
1791657691.702 401 0.002
1791657692.202 401 0.005
1791657692.703 401 0.003
1791657693.203 401 0.006
1791657693.704 401 0.004
1791657694.204 401 0.004
1791657694.705 401 0.003
1791657695.205 401 0.004
1791657695.705 401 0.005
1791657696.206 401 0.005
1791657696.706 401 0.003
1791657697.206 401 0.005
1791657697.706 401 0.003
1791657698.207 401 0.005
1791657698.707 401 0.004
1791657699.207 401 0.005
1791657699.707 401 0.003
1791657700.208 401 0.007
1791657700.709 401 0.005
1791657701.209 401 0.004
1791657701.709 401 0.003
1791657702.209 401 0.005
1791657702.709 401 0.003
1791657703.210 401 0.005
1791657703.710 401 0.005
1791657704.211 401 0.005
1791657704.711 401 0.004
1791657705.212 401 0.008
1791657705.712 401 0.005
1791657706.212 401 0.005
1791657706.713 401 0.011
1791657707.213 401 0.005
1791657707.713 401 0.003
1791657708.213 401 0.005
1791657708.714 401 0.005
1791657709.214 401 0.005
1791657709.714 401 0.003
1791657710.214 401 0.005
1791657710.715 401 0.003
1791657711.215 401 0.006
1791657711.715 401 0.003
1791657712.216 401 0.006
1791657712.716 401 0.002
1791657713.216 401 0.004
1791657713.716 401 0.003
1791657714.217 401 0.008
1791657714.717 401 0.002
1791657715.217 401 0.005
1791657715.718 401 0.003
1791657716.218 401 0.004
1791657716.718 401 0.003
1791657717.218 401 0.005
1791657717.718 401 0.003
1791657718.219 401 0.005
1791657718.719 401 0.003
1791657719.219 401 0.008
1791657719.720 401 0.005
1791657720.220 401 0.004
1791657720.720 401 0.002
1791657721.220 401 0.005
1791657721.721 401 0.004
1791657722.221 401 0.009
1791657722.722 401 0.003
1791657723.222 401 0.007
1791657723.722 401 0.003
1791657724.223 401 0.005
1791657724.723 401 0.006
1791657725.223 401 0.005
1791657725.724 401 0.003
1791657726.224 401 0.005
1791657726.724 401 0.005
1791657727.225 401 0.009
1791657727.726 401 0.007
1791657728.226 401 0.004
1791657728.726 401 0.003
1791657729.227 401 0.006
1791657729.727 401 0.005
1791657730.228 401 0.005
1791657730.728 401 0.006
1791657731.228 401 0.005
1791657731.728 401 0.005
1791657732.229 401 0.004
1791657732.729 401 0.002
1791657733.230 401 0.006
1791657733.730 401 0.003
1791657734.230 401 0.005
1791657734.730 401 0.002
1791657735.231 401 0.005
1791657735.731 401 0.003
1791657736.231 401 0.004
1791657736.731 401 0.003
1791657737.232 401 0.005
1791657737.732 401 0.002
1791657738.232 401 0.004
1791657738.732 401 0.004
1791657739.233 401 0.005
1791657739.733 401 0.003
1791657740.234 401 0.005
1791657740.734 401 0.003
1791657741.234 401 0.005
1791657741.735 401 0.003
1791657742.236 401 0.009
1791657742.736 401 0.004
1791657743.236 401 0.004
1791657743.737 401 0.004
1791657744.237 401 0.005
1791657744.738 401 0.003
1791657745.238 401 0.005
1791657745.738 401 0.003
1791657746.239 401 0.004
1791657746.739 401 0.003
1791657747.239 401 0.006
1791657747.740 401 0.005
1791657748.241 401 0.005
1791657748.741 401 0.003
1791657749.241 401 0.006
1791657749.741 401 0.002
1791657750.242 401 0.005
1791657750.742 401 0.003
1791657751.243 401 0.006
1791657751.743 401 0.002
1791657752.243 401 0.005
1791657752.744 401 0.005
1791657753.245 401 0.005
1791657753.745 401 0.002
1791657754.246 401 0.005
1791657754.746 401 0.002
1791657755.247 401 0.005
1791657755.747 401 0.005
1791657756.248 401 0.004
1791657756.748 401 0.004
1791657757.248 401 0.006
1791657757.749 401 0.002
1791657758.249 401 0.005
1791657758.750 401 0.003
1791657759.250 401 0.005
1791657759.750 401 0.003
1791657760.251 401 0.004
1791657760.751 401 0.002
1791657761.252 401 0.005
1791657761.752 401 0.002
1791657762.253 401 0.005
1791657762.753 401 0.002
1791657763.254 401 0.005
1791657763.754 401 0.002
1791657764.255 401 0.005
1791657764.755 401 0.002
1791657765.256 401 0.006
1791657765.756 401 0.003
1791657766.257 401 0.008
1791657766.757 401 0.002
1791657767.258 401 0.005
1791657767.758 401 0.004
1791657768.258 401 0.005
1791657768.759 401 0.005
1791657769.260 401 0.005
1791657769.760 401 0.002
1791657770.261 401 0.005
1791657770.761 401 0.002
1791657771.261 401 0.005
1791657771.761 401 0.004
1791657772.262 401 0.005
1791657772.762 401 0.002
1791657773.263 401 0.005
1791657773.763 401 0.005
1791657774.264 401 0.005
1791657774.764 401 0.003
1791657775.264 401 0.006
1791657775.765 401 0.002
1791657776.265 401 0.005
1791657776.766 401 0.009
1791657777.266 401 0.005
1791657777.767 401 0.003
1791657778.267 401 0.005
1791657778.767 401 0.002
1791657779.268 401 0.004
1791657779.768 401 0.003
1791657780.269 401 0.005
1791657780.769 401 0.002
1791657781.269 401 0.005
1791657781.770 401 0.005
1791657782.270 401 0.005
1791657782.771 401 0.003
1791657783.271 401 0.005
1791657783.771 401 0.002
1791657784.272 401 0.005
1791657784.772 401 0.003
1791657785.273 401 0.005
1791657785.773 401 0.002
1791657786.273 401 0.010
1791657786.774 401 0.002
1791657787.274 401 0.005
1791657787.774 401 0.002
1791657788.275 401 0.005
1791657788.775 401 0.003
1791657789.276 401 0.005
1791657789.777 401 0.005
1791657790.278 401 0.005
1791657790.778 401 0.002
1791657791.279 401 0.007
1791657791.779 401 0.003
1791657792.279 401 0.005
1791657792.779 401 0.002
1791657793.280 401 0.005
1791657793.780 401 0.002
1791657794.281 401 0.005
1791657794.782 401 0.006
1791657795.282 401 0.006
1791657795.783 401 0.002
1791657796.283 401 0.005
1791657796.783 401 0.002
1791657797.284 401 0.005
1791657797.785 401 0.006
1791657798.285 401 0.005
1791657798.785 401 0.002
1791657799.286 401 0.005
1791657799.787 401 0.005
1791657800.287 401 0.005
1791657800.787 401 0.002
1791657801.288 401 0.006
1791657801.788 401 0.002
1791657802.289 401 0.006
1791657802.790 401 0.006
1791657803.291 401 0.004
1791657803.791 401 0.002
1791657804.292 401 0.005
1791657804.792 401 0.002
1791657805.292 401 0.005
1791657805.793 401 0.002
1791657806.293 401 0.005
1791657806.793 401 0.002
1791657807.294 401 0.007
1791657807.794 401 0.002
1791657808.295 401 0.006
1791657808.796 401 0.005
1791657809.298 401 0.018
1791657809.798 401 0.002
1791657810.299 401 0.005
1791657810.799 401 0.003
1791657811.300 401 0.005
1791657811.800 401 0.002
1791657812.301 401 0.005
1791657812.801 401 0.002
1791657813.302 401 0.006
1791657813.802 401 0.002
1791657814.303 401 0.005
1791657814.803 401 0.002
1791657815.304 401 0.005
1791657815.804 401 0.005
1791657816.305 401 0.005
1791657816.805 401 0.002
1791657817.306 401 0.005
1791657817.806 401 0.004
1791657818.307 401 0.005
1791657818.807 401 0.003
1791657819.308 401 0.005
1791657819.808 401 0.002
1791657820.309 401 0.008
1791657820.809 401 0.004
1791657821.310 401 0.005
1791657821.810 401 0.002
1791657822.311 401 0.010
1791657822.811 401 0.003
1791657823.312 401 0.006
1791657823.813 401 0.005
1791657824.314 401 0.008
1791657824.814 401 0.002
1791657825.315 401 0.005
1791657825.815 401 0.002
1791657826.316 401 0.005
1791657826.816 401 0.002
1791657827.316 401 0.005
1791657827.817 401 0.003
1791657828.317 401 0.007
1791657828.818 401 0.005
1791657829.318 401 0.005
1791657829.818 401 0.002
1791657830.319 401 0.005
1791657830.819 401 0.002
1791657831.320 401 0.005
1791657831.820 401 0.003
1791657832.321 401 0.005
1791657832.821 401 0.002
1791657833.321 401 0.002
1791657833.821 401 0.004
1791657834.322 401 0.008
1791657834.822 401 0.002
1791657835.323 401 0.005
1791657835.823 401 0.002
1791657836.324 401 0.005
1791657836.824 401 0.004
1791657837.325 401 0.005
1791657837.825 401 0.002
1791657838.326 401 0.006
1791657838.826 401 0.002
1791657839.326 401 0.009
1791657839.826 401 0.004
1791657840.327 401 0.006
1791657840.827 401 0.002
1791657841.328 401 0.005
1791657841.829 401 0.004
1791657842.330 401 0.007
1791657842.830 401 0.003
1791657843.330 401 0.005
1791657843.831 401 0.002
1791657844.331 401 0.007
1791657844.832 401 0.005
1791657845.332 401 0.006
1791657845.833 401 0.002
1791657846.333 401 0.005
1791657846.833 401 0.002
1791657847.334 401 0.007
1791657847.835 401 0.002
1791657848.335 401 0.005
1791657848.835 401 0.003
1791657849.336 401 0.005
1791657849.836 401 0.002
1791657850.337 401 0.005
1791657850.837 401 0.002
1791657851.338 401 0.005
1791657851.838 401 0.003
1791657852.339 401 0.008
1791657852.839 401 0.002
1791657853.340 401 0.005
1791657853.840 401 0.002
1791657854.341 401 0.005
1791657854.841 401 0.002
1791657855.342 401 0.011
1791657855.842 401 0.002
1791657856.343 401 0.005
1791657856.843 401 0.002
1791657857.344 401 0.005
1791657857.845 401 0.005
1791657858.345 401 0.005
1791657858.846 401 0.002
1791657859.346 401 0.005
1791657859.846 401 0.002
1791657860.347 401 0.005
1791657860.847 401 0.004
1791657861.348 401 0.005
1791657861.848 401 0.003
1791657862.349 401 0.005
1791657862.850 401 0.002
1791657863.350 401 0.005
1791657863.850 401 0.002
1791657864.351 401 0.005
1791657864.851 401 0.002
1791657865.352 401 0.005
1791657865.852 401 0.002
1791657866.353 401 0.004
1791657866.853 401 0.003
1791657867.354 401 0.005
1791657867.854 401 0.002
1791657868.354 401 0.005
1791657868.855 401 0.004
1791657869.355 401 0.005
1791657869.856 401 0.005
1791657870.356 401 0.006
1791657870.857 401 0.002
1791657871.357 401 0.005
1791657871.858 401 0.003
1791657872.358 401 0.006
1791657872.859 401 0.003
1791657873.359 401 0.005
1791657873.859 401 0.003
1791657874.360 401 0.005
1791657874.860 401 0.003
1791657875.362 401 0.007
1791657875.862 401 0.004
1791657876.363 401 0.010
1791657876.863 401 0.002
1791657877.364 401 0.006
1791657877.865 401 0.003
1791657878.366 401 0.007
1791657878.866 401 0.007
1791657879.367 401 0.005
1791657879.867 401 0.003
1791657880.368 401 0.007
1791657880.868 401 0.003
1791657881.369 401 0.005
1791657881.870 401 0.005
1791657882.370 401 0.005
1791657882.870 401 0.003
1791657883.371 401 0.006
1791657883.872 401 0.002
1791657884.372 401 0.007
1791657884.873 401 0.004
1791657885.374 401 0.009
1791657885.874 401 0.003
1791657886.375 401 0.005
1791657886.876 401 0.007
1791657887.376 401 0.005
1791657887.877 401 0.003
1791657888.377 401 0.005
1791657888.877 401 0.003
1791657889.378 401 0.009
1791657889.879 401 0.002
1791657890.379 401 0.005
1791657890.879 401 0.002
1791657891.380 401 0.005
1791657891.880 401 0.002
1791657892.381 401 0.005
1791657892.881 401 0.002
1791657893.382 401 0.005
1791657893.882 401 0.003
1791657894.383 401 0.006
1791657894.883 401 0.003
1791657895.384 401 0.006
1791657895.884 401 0.003
1791657896.385 401 0.006
1791657896.885 401 0.002
1791657897.386 401 0.005
1791657897.886 401 0.002
1791657898.387 401 0.006
1791657898.887 401 0.003
1791657899.388 401 0.008
1791657899.888 401 0.005
1791657900.390 401 0.007
1791657900.890 401 0.003
1791657901.391 401 0.007
1791657901.891 401 0.002
1791657902.392 401 0.007
1791657902.892 401 0.005
1791657903.393 401 0.005
1791657903.893 401 0.003
1791657904.395 401 0.007
1791657904.896 401 0.005
1791657905.396 401 0.005
1791657905.897 401 0.002
1791657906.397 401 0.005
1791657906.898 401 0.003
1791657907.399 401 0.005
1791657907.899 401 0.006
1791657908.400 401 0.008
1791657908.901 401 0.004
1791657909.402 401 0.007
1791657909.902 401 0.004
1791657910.404 401 0.005
1791657910.904 401 0.002
1791657911.405 401 0.008
1791657911.905 401 0.003
1791657912.406 401 0.005
1791657912.906 401 0.003
1791657913.407 401 0.008
1791657913.907 401 0.003
1791657914.408 401 0.005
1791657914.908 401 0.002
1791657915.409 401 0.009
1791657915.909 401 0.003
1791657916.410 401 0.006
1791657916.910 401 0.004
1791657917.411 401 0.008
1791657917.912 401 0.003
1791657918.412 401 0.005
1791657918.912 401 0.002
1791657919.413 401 0.007
1791657919.913 401 0.003
1791657920.414 401 0.006
1791657920.915 401 0.006
1791657921.416 401 0.005
1791657921.916 401 0.003
1791657922.416 401 0.005
1791657922.917 401 0.003
1791657923.417 401 0.005
1791657923.918 401 0.008
1791657924.418 401 0.005
1791657924.919 401 0.002
1791657925.420 401 0.006
1791657925.920 401 0.007
1791657926.421 401 0.004
1791657926.921 401 0.003
1791657927.422 401 0.005
1791657927.922 401 0.004
1791657928.423 401 0.006
1791657928.924 401 0.008
1791657929.425 401 0.008
1791657929.925 401 0.004
1791657930.426 401 0.005
1791657930.926 401 0.004
