# guest clock (epoch s), HTTP status of GET https://127.0.0.1:2083/api/v1/panel/availability on the guest (or noanswer:<error class>), seconds the request took
1791637661.845 401 0.004
1791637662.345 401 0.003
1791637662.845 401 0.006
1791637663.345 401 0.003
1791637663.846 401 0.002
1791637664.346 401 0.003
1791637664.846 401 0.003
1791637665.346 401 0.003
1791637665.846 401 0.008
1791637666.346 401 0.002
1791637666.847 401 0.003
1791637667.347 401 0.003
1791637667.848 401 0.008
1791637668.348 401 0.003
1791637668.848 401 0.003
1791637669.348 401 0.003
1791637669.848 401 0.003
1791637670.348 401 0.003
1791637670.849 401 0.008
1791637671.350 401 0.003
1791637671.850 401 0.003
1791637672.350 401 0.004
1791637672.850 401 0.003
1791637673.351 401 0.011
1791637673.851 401 0.003
1791637674.352 401 0.003
1791637674.852 401 0.003
1791637675.352 401 0.003
1791637675.853 401 0.006
1791637676.354 401 0.009
1791637676.854 401 0.004
1791637677.354 401 0.003
1791637677.854 401 0.003
1791637678.355 401 0.012
1791637678.855 401 0.003
1791637679.355 401 0.003
1791637679.855 401 0.003
1791637680.356 401 0.003
1791637680.856 401 0.003
1791637681.357 401 0.009
1791637681.857 401 0.003
1791637682.357 401 0.004
1791637682.857 401 0.003
1791637683.357 401 0.003
1791637683.858 401 0.006
1791637684.358 401 0.003
1791637684.858 401 0.003
1791637685.358 401 0.003
1791637685.858 401 0.002
1791637686.359 401 0.006
1791637686.860 401 0.106
1791637687.361 401 0.008
1791637687.861 401 0.005
1791637688.361 401 0.005
1791637688.862 401 0.009
1791637689.363 401 0.028
1791637689.863 401 0.005
1791637690.363 401 0.002
1791637690.863 401 0.002
1791637691.363 401 0.002
1791637691.864 401 0.011
1791637692.364 401 0.007
1791637692.865 401 0.003
1791637693.365 401 0.003
1791637693.865 401 0.002
1791637694.365 401 0.007
1791637694.866 401 0.003
1791637695.366 401 0.003
1791637695.866 401 0.003
1791637696.366 401 0.003
1791637696.867 401 0.006
1791637697.367 401 0.003
1791637697.867 401 0.003
1791637698.368 401 0.003
1791637698.868 401 0.003
1791637699.369 401 0.008
1791637699.869 401 0.006
1791637700.369 401 0.003
1791637700.869 401 0.003
1791637701.369 401 0.003
1791637701.870 401 0.004
1791637702.370 401 0.008
1791637702.870 401 0.003
1791637703.371 401 0.012
1791637703.872 401 0.003
1791637704.372 401 0.003
1791637704.872 401 0.007
1791637705.372 401 0.003
1791637705.872 401 0.003
1791637706.373 401 0.002
1791637706.873 401 0.002
1791637707.373 401 0.010
1791637707.873 401 0.005
1791637708.374 401 0.003
1791637708.874 401 0.003
1791637709.375 401 0.008
1791637709.876 401 0.008
1791637710.376 401 0.003
1791637710.876 401 0.007
1791637711.376 401 0.003
1791637711.877 401 0.008
1791637712.377 401 0.003
1791637712.877 401 0.009
1791637713.378 401 0.003
1791637713.878 401 0.003
1791637714.378 401 0.003
1791637714.878 401 0.003
1791637715.379 401 0.009
1791637715.879 401 0.003
1791637716.379 401 0.003
1791637716.879 401 0.003
1791637717.379 401 0.003
1791637717.880 401 0.007
1791637718.380 401 0.003
1791637718.880 401 0.003
1791637719.380 401 0.004
1791637719.880 401 0.003
1791637720.381 401 0.009
1791637720.881 401 0.003
1791637721.382 401 0.008
1791637721.883 401 0.008
1791637722.383 401 0.004
1791637722.883 401 0.003
1791637723.384 401 0.010
1791637723.884 401 0.003
1791637724.385 401 0.003
1791637724.885 401 0.003
1791637725.385 401 0.032
1791637725.885 401 0.008
1791637726.386 401 0.007
1791637726.886 401 0.004
1791637727.386 401 0.002
1791637727.887 401 0.009
1791637728.387 401 0.003
1791637728.887 401 0.003
1791637729.387 401 0.003
1791637729.888 401 0.003
1791637730.388 401 0.003
1791637730.889 401 0.009
1791637731.389 401 0.004
1791637731.889 401 0.002
1791637732.389 401 0.004
1791637732.890 401 0.009
1791637733.390 401 0.008
1791637733.891 401 0.007
1791637734.391 401 0.004
1791637734.891 401 0.006
1791637735.391 401 0.004
1791637735.892 401 0.009
1791637736.433 401 0.017
1791637736.934 401 0.008
1791637737.434 401 0.008
1791637737.935 401 0.008
1791637738.435 401 0.008
1791637738.935 401 0.006
1791637739.436 401 0.008
1791637739.936 401 0.007
1791637740.436 401 0.005
1791637740.937 401 0.003
1791637741.437 401 0.003
1791637741.938 401 0.222
1791637742.439 401 0.010
1791637742.940 401 0.006
1791637743.440 401 0.009
1791637743.940 401 0.003
1791637744.441 401 0.012
1791637744.943 401 0.003
1791637745.443 401 0.005
1791637745.943 401 0.004
1791637746.444 401 0.010
1791637746.944 401 0.004
1791637747.444 401 0.004
1791637747.944 401 0.003
1791637748.444 401 0.003
1791637748.944 401 0.009
1791637749.445 401 0.009
1791637749.945 401 0.004
1791637750.445 401 0.005
1791637750.945 401 0.003
1791637751.445 401 0.005
1791637751.946 401 0.006
1791637752.449 401 0.003
1791637752.960 401 0.027
1791637753.460 401 0.009
1791637753.960 401 0.004
1791637754.460 noanswer:RemoteDisconnected 0.533
1791637754.994 noanswer:URLError 0.000
1791637755.494 noanswer:URLError 0.001
1791637755.994 noanswer:URLError 0.001
1791637756.497 noanswer:URLError 0.001
1791637756.997 noanswer:URLError 0.001
1791637757.501 noanswer:URLError 0.001
1791637758.001 noanswer:URLError 0.001
1791637758.502 noanswer:URLError 0.041
1791637759.004 noanswer:URLError 0.003
1791637759.504 noanswer:URLError 0.002
1791637760.004 noanswer:URLError 0.001
1791637760.504 noanswer:URLError 0.001
1791637761.005 noanswer:URLError 0.000
1791637761.505 noanswer:URLError 0.001
1791637762.005 noanswer:URLError 0.001
1791637762.505 noanswer:URLError 0.003
1791637763.005 noanswer:URLError 0.001
1791637763.505 noanswer:URLError 0.001
1791637764.006 noanswer:URLError 0.001
1791637764.506 noanswer:URLError 0.001
1791637765.006 noanswer:URLError 0.001
1791637765.506 noanswer:URLError 0.001
1791637766.006 noanswer:URLError 0.001
1791637766.506 noanswer:URLError 0.000
1791637767.006 noanswer:URLError 0.001
1791637767.507 noanswer:URLError 0.001
1791637768.007 noanswer:URLError 0.001
1791637768.507 noanswer:URLError 0.001
1791637769.007 noanswer:URLError 0.001
1791637769.507 noanswer:URLError 0.001
1791637770.007 noanswer:URLError 0.001
1791637770.507 noanswer:URLError 0.001
1791637771.008 noanswer:URLError 0.001
1791637771.508 noanswer:URLError 0.001
1791637772.008 noanswer:URLError 0.001
1791637772.508 noanswer:URLError 0.001
1791637773.008 noanswer:URLError 0.001
1791637773.508 noanswer:URLError 0.001
1791637774.008 noanswer:URLError 0.001
1791637774.512 noanswer:URLError 0.055
1791637775.012 noanswer:URLError 0.001
1791637775.512 noanswer:URLError 0.001
1791637776.012 noanswer:URLError 0.001
1791637776.512 noanswer:URLError 0.001
1791637777.012 noanswer:URLError 0.001
1791637777.513 noanswer:URLError 0.001
1791637778.013 noanswer:URLError 0.001
1791637778.513 noanswer:URLError 0.001
1791637779.013 noanswer:URLError 0.001
1791637779.513 401 0.003
1791637780.013 401 0.009
1791637780.514 401 0.003
1791637781.014 401 0.002
1791637781.514 401 0.003
1791637782.014 401 0.003
1791637782.514 401 0.002
1791637783.014 401 0.004
1791637783.515 401 0.003
1791637784.015 401 0.003
1791637784.515 401 0.005
1791637785.015 401 0.003
1791637785.515 401 0.003
1791637786.015 401 0.003
1791637786.515 401 0.008
1791637787.018 401 0.007
1791637787.518 401 0.003
1791637788.018 401 0.003
1791637788.519 401 0.006
1791637789.019 401 0.003
1791637789.519 401 0.003
1791637790.019 401 0.003
1791637790.519 401 0.003
1791637791.019 401 0.002
1791637791.520 401 0.003
1791637792.020 401 0.005
1791637792.520 401 0.005
1791637793.020 401 0.002
1791637793.521 401 0.003
1791637794.021 401 0.007
1791637794.521 401 0.002
1791637795.021 401 0.003
1791637795.522 401 0.003
1791637796.022 401 0.149
1791637796.524 401 0.012
1791637797.024 401 0.010
1791637797.525 401 0.003
1791637798.025 401 0.004
1791637798.525 401 0.003
1791637799.025 401 0.002
1791637799.525 401 0.006
1791637800.026 401 0.003
1791637800.527 401 0.008
1791637801.027 401 0.003
1791637801.527 401 0.007
1791637802.028 401 0.007
1791637802.529 401 0.007
1791637803.029 401 0.003
1791637803.530 401 0.007
1791637804.030 401 0.003
1791637804.531 401 0.008
1791637805.031 401 0.003
1791637805.532 401 0.007
1791637806.032 401 0.003
1791637806.533 401 0.008
1791637807.033 401 0.003
1791637807.534 401 0.008
1791637808.035 401 0.003
1791637808.535 401 0.007
1791637809.036 401 0.002
1791637809.536 401 0.006
1791637810.036 401 0.007
1791637810.537 401 0.015
1791637811.037 401 0.007
1791637811.538 401 0.007
1791637812.039 401 0.003
1791637812.539 401 0.006
1791637813.039 401 0.003
1791637813.539 401 0.007
1791637814.040 401 0.003
1791637814.540 401 0.006
1791637815.040 401 0.005
1791637815.540 401 0.004
1791637816.041 401 0.003
1791637816.542 401 0.007
1791637817.042 401 0.003
1791637817.543 401 0.007
1791637818.043 401 0.006
1791637818.544 401 0.008
1791637819.044 401 0.002
1791637819.545 401 0.008
1791637820.046 401 0.006
1791637820.546 401 0.007
1791637821.046 401 0.003
1791637821.547 401 0.007
1791637822.047 401 0.003
1791637822.548 401 0.007
1791637823.048 401 0.003
1791637823.550 401 0.007
1791637824.050 401 0.002
1791637824.551 401 0.007
1791637825.051 401 0.003
1791637825.552 401 0.007
1791637826.052 401 0.003
1791637826.553 401 0.007
1791637827.053 401 0.003
1791637827.554 401 0.008
1791637828.055 401 0.005
1791637828.556 401 0.008
1791637829.056 401 0.003
1791637829.557 401 0.012
1791637830.057 401 0.003
1791637830.558 401 0.005
1791637831.058 401 0.003
1791637831.559 401 0.007
1791637832.059 401 0.003
1791637832.560 401 0.007
1791637833.060 401 0.003
1791637833.561 401 0.005
1791637834.061 401 0.002
1791637834.562 401 0.007
1791637835.062 401 0.003
1791637835.563 401 0.007
1791637836.063 401 0.006
1791637836.564 401 0.008
1791637837.065 401 0.003
1791637837.566 401 0.007
1791637838.066 401 0.003
1791637838.567 401 0.007
1791637839.067 401 0.005
1791637839.568 401 0.008
1791637840.068 401 0.003
1791637840.569 401 0.007
1791637841.069 401 0.005
1791637841.570 401 0.007
1791637842.070 401 0.003
1791637842.571 401 0.008
1791637843.071 401 0.003
1791637843.572 401 0.005
1791637844.072 401 0.006
1791637844.573 401 0.008
1791637845.073 401 0.003
1791637845.574 401 0.007
1791637846.074 401 0.002
1791637846.575 401 0.008
1791637847.075 401 0.003
1791637847.577 401 0.007
1791637848.077 401 0.003
1791637848.578 401 0.007
1791637849.078 401 0.002
1791637849.578 401 0.007
1791637850.079 401 0.003
1791637850.579 401 0.007
1791637851.079 401 0.003
1791637851.580 401 0.007
1791637852.080 401 0.003
1791637852.581 401 0.008
1791637853.082 401 0.002
1791637853.582 401 0.007
1791637854.082 401 0.003
1791637854.583 401 0.008
1791637855.083 401 0.003
1791637855.585 401 0.007
1791637856.085 401 0.003
1791637856.586 401 0.007
1791637857.086 401 0.005
1791637857.587 401 0.007
1791637858.087 401 0.003
1791637858.588 401 0.008
1791637859.089 401 0.006
1791637859.590 401 0.007
1791637860.090 401 0.003
1791637860.591 401 0.007
1791637861.091 401 0.003
1791637861.591 401 0.006
1791637862.092 401 0.007
1791637862.593 401 0.008
1791637863.093 401 0.003
1791637863.594 401 0.009
1791637864.094 401 0.003
1791637864.595 401 0.007
1791637865.095 401 0.007
1791637865.596 401 0.007
1791637866.097 401 0.003
1791637866.598 401 0.007
1791637867.098 401 0.003
1791637867.598 401 0.007
1791637868.098 401 0.003
1791637868.600 401 0.009
1791637869.100 401 0.003
1791637869.600 401 0.006
1791637870.101 401 0.003
1791637870.602 401 0.007
1791637871.102 401 0.003
1791637871.603 401 0.010
1791637872.103 401 0.003
1791637872.604 401 0.009
1791637873.104 401 0.003
1791637873.605 401 0.008
1791637874.105 401 0.003
1791637874.605 401 0.003
1791637875.106 401 0.002
1791637875.607 401 0.009
1791637876.108 401 0.005
1791637876.609 401 0.008
1791637877.109 401 0.003
1791637877.609 401 0.007
1791637878.110 401 0.007
1791637878.611 401 0.008
1791637879.111 401 0.003
1791637879.612 401 0.012
1791637880.112 401 0.003
1791637880.613 401 0.008
1791637881.114 401 0.006
1791637881.614 401 0.007
1791637882.114 401 0.003
1791637882.615 401 0.008
1791637883.116 401 0.007
1791637883.617 401 0.008
1791637884.117 401 0.003
1791637884.618 401 0.007
1791637885.118 401 0.003
1791637885.619 401 0.008
1791637886.119 401 0.008
1791637886.620 401 0.008
1791637887.120 401 0.003
1791637887.620 401 0.006
1791637888.121 401 0.005
1791637888.622 401 0.008
1791637889.122 401 0.003
1791637889.623 401 0.007
1791637890.123 401 0.003
1791637890.624 401 0.008
1791637891.124 401 0.006
1791637891.625 401 0.007
1791637892.125 401 0.004
1791637892.626 401 0.007
1791637893.126 401 0.002
1791637893.626 401 0.007
1791637894.126 401 0.002
1791637894.627 401 0.008
1791637895.127 401 0.003
1791637895.628 401 0.015
1791637896.128 401 0.003
1791637896.629 401 0.010
1791637897.129 401 0.003
1791637897.629 401 0.006
1791637898.129 401 0.003
1791637898.630 401 0.005
1791637899.130 401 0.004
1791637899.631 401 0.006
1791637900.131 401 0.003
1791637900.632 401 0.007
1791637901.132 401 0.003
1791637901.632 401 0.007
1791637902.133 401 0.003
1791637902.633 401 0.007
1791637903.133 401 0.002
1791637903.634 401 0.007
1791637904.134 401 0.005
1791637904.635 401 0.007
1791637905.135 401 0.003
1791637905.635 401 0.003
1791637906.136 401 0.002
1791637906.636 401 0.007
1791637907.137 401 0.007
1791637907.637 401 0.006
1791637908.137 401 0.003
1791637908.638 401 0.008
1791637909.138 401 0.005
1791637909.639 401 0.006
1791637910.140 401 0.002
1791637910.640 401 0.007
1791637911.140 401 0.003
1791637911.641 401 0.007
1791637912.141 401 0.007
1791637912.642 401 0.007
1791637913.142 401 0.002
1791637913.643 401 0.007
1791637914.143 401 0.005
1791637914.644 401 0.007
1791637915.144 401 0.003
1791637915.645 401 0.009
1791637916.145 401 0.004
1791637916.646 401 0.007
1791637917.146 401 0.003
1791637917.647 401 0.005
1791637918.147 401 0.003
1791637918.647 401 0.008
1791637919.147 401 0.003
1791637919.649 401 0.007
1791637920.149 401 0.003
1791637920.649 401 0.006
1791637921.149 401 0.003
1791637921.650 401 0.006
1791637922.150 401 0.003
1791637922.651 401 0.008
1791637923.151 401 0.003
1791637923.651 401 0.006
1791637924.152 401 0.003
1791637924.653 401 0.007
1791637925.153 401 0.007
1791637925.654 401 0.005
1791637926.154 401 0.006
1791637926.654 401 0.006
1791637927.157 401 0.002
1791637927.657 401 0.008
1791637928.158 401 0.003
1791637928.658 401 0.009
1791637929.159 401 0.003
1791637929.659 401 0.006
1791637930.160 401 0.005
1791637930.660 401 0.019
1791637931.161 401 0.007
1791637931.661 401 0.007
1791637932.162 401 0.005
1791637932.662 401 0.008
1791637933.163 401 0.005
1791637933.663 401 0.008
1791637934.163 401 0.005
1791637934.664 401 0.006
1791637935.164 401 0.003
1791637935.664 401 0.008
1791637936.164 401 0.003
1791637936.665 401 0.004
1791637937.165 401 0.003
1791637937.665 401 0.006
1791637938.166 401 0.003
1791637938.666 401 0.007
1791637939.166 401 0.007
1791637939.667 401 0.008
1791637940.168 401 0.003
1791637940.669 401 0.008
1791637941.169 401 0.003
1791637941.669 401 0.009
1791637942.169 401 0.003
1791637942.670 401 0.008
1791637943.171 401 0.003
1791637943.671 401 0.007
1791637944.171 401 0.003
1791637944.672 401 0.007
1791637945.172 401 0.003
1791637945.673 401 0.008
1791637946.173 401 0.007
1791637946.674 401 0.008
1791637947.174 401 0.003
1791637947.675 401 0.006
1791637948.175 401 0.003
1791637948.676 401 0.007
1791637949.176 401 0.006
1791637949.677 401 0.008
1791637950.177 401 0.003
1791637950.677 401 0.007
1791637951.178 401 0.007
1791637951.678 401 0.007
1791637952.179 401 0.003
1791637952.679 401 0.007
1791637953.179 401 0.003
1791637953.680 401 0.007
1791637954.180 401 0.005
1791637954.681 401 0.008
1791637955.181 401 0.003
1791637955.682 401 0.022
1791637956.182 401 0.003
1791637956.683 401 0.008
1791637957.183 401 0.003
1791637957.683 401 0.007
1791637958.184 401 0.003
1791637958.684 401 0.007
1791637959.184 401 0.002
1791637959.685 401 0.009
1791637960.185 401 0.005
1791637960.686 401 0.007
1791637961.186 401 0.003
1791637961.687 401 0.008
1791637962.187 401 0.003
1791637962.688 401 0.007
1791637963.188 401 0.003
1791637963.688 401 0.008
1791637964.189 401 0.003
1791637964.690 401 0.008
1791637965.190 401 0.003
1791637965.690 401 0.007
1791637966.190 401 0.003
1791637966.691 401 0.008
1791637967.191 401 0.004
1791637967.691 401 0.004
1791637968.192 401 0.003
1791637968.692 401 0.007
1791637969.192 401 0.003
1791637969.693 401 0.008
1791637970.194 401 0.007
1791637970.694 401 0.008
1791637971.194 401 0.003
1791637971.695 401 0.008
1791637972.195 401 0.008
1791637972.696 401 0.008
1791637973.196 401 0.003
1791637973.697 401 0.008
1791637974.198 401 0.003
1791637974.698 401 0.007
1791637975.198 401 0.006
1791637975.700 401 0.008
1791637976.200 401 0.003
1791637976.701 401 0.009
1791637977.201 401 0.005
1791637977.702 401 0.006
1791637978.202 401 0.003
1791637978.702 401 0.007
1791637979.202 401 0.003
1791637979.703 401 0.008
1791637980.203 401 0.003
1791637980.704 401 0.007
1791637981.204 401 0.006
1791637981.704 401 0.007
1791637982.204 401 0.003
1791637982.705 401 0.007
1791637983.205 401 0.003
1791637983.706 401 0.007
1791637984.206 401 0.003
1791637984.706 401 0.008
1791637985.206 401 0.003
1791637985.707 401 0.009
1791637986.207 401 0.003
1791637986.708 401 0.007
1791637987.208 401 0.002
1791637987.708 401 0.007
1791637988.208 401 0.003
1791637988.709 401 0.008
1791637989.209 401 0.003
1791637989.710 401 0.006
1791637990.210 401 0.003
1791637990.710 401 0.008
1791637991.210 401 0.006
1791637991.711 401 0.008
1791637992.211 401 0.003
1791637992.712 401 0.007
1791637993.212 401 0.007
1791637993.713 401 0.008
1791637994.213 401 0.003
1791637994.713 401 0.007
1791637995.213 401 0.003
1791637995.714 401 0.007
1791637996.214 401 0.006
1791637996.715 401 0.009
1791637997.215 401 0.006
1791637997.716 401 0.010
1791637998.216 401 0.003
1791637998.716 401 0.003
1791637999.216 401 0.003
1791637999.716 401 0.008
1791638000.217 401 0.003
1791638000.717 401 0.011
1791638001.218 401 0.003
1791638001.718 401 0.007
1791638002.218 401 0.003
1791638002.718 401 0.007
1791638003.219 401 0.003
1791638003.720 401 0.008
1791638004.220 401 0.003
1791638004.720 401 0.007
1791638005.220 401 0.003
1791638005.721 401 0.008
1791638006.221 401 0.003
1791638006.722 401 0.008
1791638007.222 401 0.003
1791638007.722 401 0.007
1791638008.222 401 0.003
1791638008.723 401 0.005
1791638009.223 401 0.004
1791638009.724 401 0.008
1791638010.224 401 0.003
1791638010.724 401 0.006
1791638011.224 401 0.004
1791638011.725 401 0.008
1791638012.225 401 0.003
1791638012.725 401 0.006
1791638013.226 401 0.003
1791638013.726 401 0.008
1791638014.226 401 0.003
1791638014.727 401 0.008
1791638015.227 401 0.003
1791638015.727 401 0.007
1791638016.228 401 0.003
1791638016.728 401 0.006
1791638017.228 401 0.007
1791638017.729 401 0.006
1791638018.229 401 0.003
1791638018.730 401 0.008
1791638019.230 401 0.003
1791638019.730 401 0.006
1791638020.230 401 0.003
1791638020.731 401 0.007
1791638021.231 401 0.003
1791638021.731 401 0.004
1791638022.231 401 0.006
1791638022.732 401 0.006
1791638023.232 401 0.003
1791638023.733 401 0.008
1791638024.233 401 0.003
1791638024.733 401 0.007
1791638025.233 401 0.003
1791638025.734 401 0.007
1791638026.234 401 0.003
1791638026.734 401 0.006
1791638027.235 401 0.003
1791638027.735 401 0.007
1791638028.236 401 0.008
1791638028.737 401 0.007
1791638029.237 401 0.003
1791638029.737 401 0.006
1791638030.237 401 0.004
1791638030.738 401 0.007
1791638031.238 401 0.003
1791638031.738 401 0.006
1791638032.239 401 0.003
1791638032.739 401 0.006
1791638033.239 401 0.003
1791638033.740 401 0.007
1791638034.240 401 0.003
1791638034.740 401 0.016
1791638035.242 401 0.010
1791638035.742 401 0.007
1791638036.242 401 0.003
1791638036.743 401 0.006
1791638037.243 401 0.002
1791638037.743 401 0.004
1791638038.243 401 0.008
1791638038.744 401 0.006
1791638039.244 401 0.003
1791638039.744 401 0.006
1791638040.244 401 0.003
1791638040.744 401 0.005
1791638041.245 401 0.002
1791638041.745 401 0.005
1791638042.245 401 0.003
1791638042.745 401 0.005
1791638043.246 401 0.005
1791638043.746 401 0.006
1791638044.246 401 0.003
1791638044.747 401 0.005
1791638045.247 401 0.003
1791638045.747 401 0.007
1791638046.247 401 0.003
1791638046.748 401 0.005
1791638047.248 401 0.005
1791638047.748 401 0.005
1791638048.248 401 0.003
1791638048.749 401 0.006
1791638049.249 401 0.003
1791638049.749 401 0.005
1791638050.249 401 0.002
1791638050.750 401 0.005
1791638051.250 401 0.003
1791638051.750 401 0.005
1791638052.250 401 0.002
1791638052.751 401 0.005
1791638053.251 401 0.002
1791638053.751 401 0.005
1791638054.251 401 0.003
1791638054.752 401 0.005
1791638055.252 401 0.003
1791638055.752 401 0.005
1791638056.253 401 0.007
1791638056.753 401 0.006
1791638057.253 401 0.007
1791638057.754 401 0.005
1791638058.254 401 0.003
1791638058.754 401 0.005
1791638059.254 401 0.007
1791638059.755 401 0.006
1791638060.255 401 0.003
1791638060.755 401 0.003
1791638061.255 401 0.005
1791638061.755 401 0.004
1791638062.256 401 0.003
1791638062.756 401 0.006
1791638063.256 401 0.003
1791638063.757 401 0.009
1791638064.257 401 0.006
1791638064.758 401 0.007
1791638065.258 401 0.003
1791638065.758 401 0.006
1791638066.258 401 0.003
1791638066.759 401 0.007
1791638067.259 401 0.003
1791638067.759 401 0.006
1791638068.259 401 0.003
1791638068.759 401 0.007
1791638069.260 401 0.003
1791638069.760 401 0.007
1791638070.260 401 0.003
1791638070.761 401 0.006
1791638071.261 401 0.003
1791638071.762 401 0.008
1791638072.263 401 0.002
1791638072.763 401 0.006
1791638073.263 401 0.003
1791638073.763 401 0.007
1791638074.263 401 0.003
1791638074.764 401 0.006
1791638075.264 401 0.003
1791638075.764 401 0.007
1791638076.265 401 0.003
1791638076.765 401 0.006
1791638077.265 401 0.007
1791638077.766 401 0.006
1791638078.266 401 0.003
1791638078.766 401 0.006
1791638079.266 401 0.003
1791638079.766 401 0.005
1791638080.267 401 0.007
1791638080.767 401 0.005
1791638081.267 401 0.003
1791638081.767 401 0.005
1791638082.268 401 0.008
1791638082.768 401 0.006
1791638083.268 401 0.003
1791638083.769 401 0.008
1791638084.269 401 0.002
1791638084.769 401 0.007
1791638085.270 401 0.006
1791638085.770 401 0.006
1791638086.270 401 0.003
1791638086.770 401 0.007
1791638087.271 401 0.003
1791638087.771 401 0.011
1791638088.271 401 0.003
1791638088.771 401 0.007
1791638089.272 401 0.003
1791638089.772 401 0.007
1791638090.272 401 0.003
1791638090.773 401 0.007
1791638091.273 401 0.003
1791638091.773 401 0.003
1791638092.273 401 0.002
1791638092.773 401 0.007
1791638093.274 401 0.003
1791638093.774 401 0.007
1791638094.274 401 0.005
1791638094.774 401 0.008
1791638095.275 401 0.003
1791638095.775 401 0.009
1791638096.275 401 0.003
1791638096.775 401 0.007
1791638097.276 401 0.003
1791638097.776 401 0.006
1791638098.276 401 0.004
1791638098.776 401 0.007
1791638099.277 401 0.003
1791638099.777 401 0.007
1791638100.277 401 0.003
1791638100.777 401 0.005
1791638101.277 401 0.004
1791638101.778 401 0.006
1791638102.278 401 0.003
1791638102.778 401 0.006
1791638103.279 401 0.007
1791638103.779 401 0.007
1791638104.279 401 0.003
1791638104.779 401 0.007
1791638105.280 401 0.003
1791638105.780 401 0.008
1791638106.281 401 0.012
1791638106.781 401 0.008
1791638107.281 401 0.003
1791638107.782 401 0.007
1791638108.282 401 0.003
1791638108.782 401 0.007
1791638109.283 401 0.003
1791638109.783 401 0.006
1791638110.283 401 0.003
1791638110.783 401 0.007
1791638111.283 401 0.004
1791638111.784 401 0.005
1791638112.284 401 0.003
1791638112.784 401 0.006
1791638113.284 401 0.003
1791638113.785 401 0.008
1791638114.286 401 0.002
1791638114.786 401 0.006
1791638115.286 401 0.003
1791638115.786 401 0.006
1791638116.286 401 0.003
1791638116.787 401 0.007
1791638117.287 401 0.003
1791638117.787 401 0.006
1791638118.287 401 0.003
1791638118.788 401 0.006
1791638119.288 401 0.006
1791638119.788 401 0.007
1791638120.289 401 0.004
1791638120.789 401 0.007
1791638121.289 401 0.002
1791638121.789 401 0.005
1791638122.290 401 0.004
1791638122.790 401 0.006
1791638123.290 401 0.002
1791638123.791 401 0.008
1791638124.291 401 0.007
1791638124.791 401 0.006
1791638125.291 401 0.003
1791638125.792 401 0.007
1791638126.292 401 0.003
1791638126.792 401 0.007
1791638127.293 401 0.008
1791638127.793 401 0.006
1791638128.293 401 0.002
1791638128.794 401 0.007
1791638129.294 401 0.003
1791638129.794 401 0.007
1791638130.294 401 0.003
1791638130.795 401 0.006
1791638131.295 401 0.003
1791638131.795 401 0.008
1791638132.295 401 0.003
1791638132.795 401 0.006
1791638133.296 401 0.003
1791638133.796 401 0.006
1791638134.296 401 0.003
1791638134.796 401 0.007
1791638135.297 401 0.003
1791638135.797 401 0.007
1791638136.297 401 0.003
1791638136.798 401 0.006
1791638137.298 401 0.003
1791638137.798 401 0.006
1791638138.298 401 0.003
1791638138.799 401 0.007
1791638139.299 401 0.003
1791638139.799 401 0.006
1791638140.299 401 0.006
1791638140.800 401 0.007
1791638141.300 401 0.003
1791638141.800 401 0.005
1791638142.301 401 0.003
1791638142.801 401 0.006
1791638143.301 401 0.002
1791638143.802 401 0.006
1791638144.302 401 0.003
1791638144.802 401 0.007
1791638145.303 401 0.007
1791638145.803 401 0.007
1791638146.303 401 0.003
1791638146.804 401 0.005
1791638147.304 401 0.003
1791638147.804 401 0.006
1791638148.304 401 0.008
1791638148.805 401 0.005
1791638149.305 401 0.003
1791638149.805 401 0.006
1791638150.305 401 0.005
1791638150.806 401 0.006
1791638151.306 401 0.002
1791638151.806 401 0.004
1791638152.306 401 0.002
1791638152.806 401 0.005
1791638153.307 401 0.007
1791638153.807 401 0.004
1791638154.307 401 0.003
1791638154.807 401 0.005
1791638155.308 401 0.003
1791638155.808 401 0.006
1791638156.308 401 0.003
1791638156.808 401 0.006
1791638157.308 401 0.003
1791638157.809 401 0.004
1791638158.309 401 0.002
1791638158.809 401 0.005
1791638159.309 401 0.002
1791638159.810 401 0.007
1791638160.310 401 0.003
1791638160.810 401 0.005
1791638161.310 401 0.003
1791638161.810 401 0.005
1791638162.311 401 0.003
1791638162.811 401 0.005
1791638163.311 401 0.003
1791638163.811 401 0.007
1791638164.312 401 0.003
1791638164.812 401 0.005
1791638165.312 401 0.003
1791638165.812 401 0.006
1791638166.312 401 0.006
1791638166.813 401 0.005
1791638167.313 401 0.003
1791638167.813 401 0.005
1791638168.314 401 0.002
1791638168.814 401 0.006
1791638169.315 401 0.007
1791638169.815 401 0.005
1791638170.315 401 0.003
1791638170.816 401 0.006
1791638171.316 401 0.007
1791638171.817 401 0.006
1791638172.317 401 0.003
1791638172.818 401 0.005
1791638173.318 401 0.002
1791638173.818 401 0.006
1791638174.318 401 0.005
1791638174.819 401 0.006
1791638175.319 401 0.004
1791638175.819 401 0.005
1791638176.319 401 0.003
1791638176.820 401 0.006
1791638177.320 401 0.003
1791638177.820 401 0.005
1791638178.321 401 0.002
1791638178.821 401 0.006
1791638179.321 401 0.003
1791638179.822 401 0.006
1791638180.322 401 0.003
1791638180.822 401 0.007
1791638181.322 401 0.002
1791638181.823 401 0.006
1791638182.323 401 0.003
1791638182.824 401 0.007
1791638183.324 401 0.003
1791638183.825 401 0.008
1791638184.325 401 0.003
1791638184.825 401 0.006
1791638185.325 401 0.003
1791638185.826 401 0.008
1791638186.327 401 0.003
1791638186.827 401 0.008
1791638187.328 401 0.007
1791638187.828 401 0.007
1791638188.328 401 0.003
1791638188.829 401 0.008
1791638189.330 401 0.003
1791638189.830 401 0.007
1791638190.331 401 0.008
1791638190.831 401 0.009
1791638191.331 401 0.003
1791638191.832 401 0.005
1791638192.332 401 0.007
1791638192.833 401 0.007
1791638193.333 401 0.003
1791638193.834 401 0.007
1791638194.334 401 0.005
1791638194.835 401 0.007
1791638195.335 401 0.003
1791638195.836 401 0.007
1791638196.336 401 0.002
1791638196.837 401 0.008
1791638197.337 401 0.003
1791638197.837 401 0.006
1791638198.337 401 0.003
1791638198.838 401 0.007
1791638199.338 401 0.002
1791638199.839 401 0.006
1791638200.339 401 0.003
1791638200.840 401 0.007
1791638201.340 401 0.003
1791638201.840 401 0.006
1791638202.341 401 0.003
1791638202.841 401 0.006
1791638203.341 401 0.003
1791638203.842 401 0.007
1791638204.342 401 0.003
1791638204.843 401 0.006
1791638205.343 401 0.002
1791638205.843 401 0.010
1791638206.343 401 0.002
1791638206.844 401 0.007
1791638207.344 401 0.003
1791638207.845 401 0.005
1791638208.345 401 0.006
1791638208.845 401 0.007
1791638209.346 401 0.003
1791638209.846 401 0.007
1791638210.347 401 0.003
1791638210.847 401 0.007
1791638211.348 401 0.006
1791638211.848 401 0.005
1791638212.348 401 0.003
1791638212.849 401 0.006
1791638213.350 401 0.007
1791638213.850 401 0.008
1791638214.351 401 0.003
1791638214.851 401 0.006
1791638215.351 401 0.003
1791638215.851 401 0.004
1791638216.352 401 0.008
1791638216.852 401 0.007
1791638217.352 401 0.003
1791638217.853 401 0.006
1791638218.353 401 0.005
1791638218.854 401 0.007
1791638219.354 401 0.003
1791638219.854 401 0.007
1791638220.355 401 0.003
1791638220.855 401 0.007
1791638221.355 401 0.006
1791638221.856 401 0.005
1791638222.356 401 0.003
1791638222.856 401 0.007
1791638223.356 401 0.003
1791638223.857 401 0.006
1791638224.357 401 0.003
1791638224.857 401 0.006
1791638225.357 401 0.003
1791638225.858 401 0.007
1791638226.358 401 0.003
1791638226.859 401 0.007
1791638227.359 401 0.002
1791638227.859 401 0.007
1791638228.359 401 0.002
1791638228.860 401 0.005
1791638229.360 401 0.003
1791638229.860 401 0.005
1791638230.360 401 0.003
1791638230.861 401 0.008
1791638231.361 401 0.003
1791638231.862 401 0.008
1791638232.362 401 0.002
1791638232.862 401 0.007
1791638233.362 401 0.003
1791638233.863 401 0.007
1791638234.363 401 0.005
1791638234.864 401 0.007
1791638235.364 401 0.003
1791638235.864 401 0.007
1791638236.364 401 0.003
1791638236.865 401 0.007
1791638237.365 401 0.006
1791638237.865 401 0.006
1791638238.366 401 0.005
1791638238.866 401 0.007
1791638239.367 401 0.005
1791638239.867 401 0.007
1791638240.367 401 0.003
1791638240.868 401 0.008
1791638241.368 401 0.003
1791638241.868 401 0.005
1791638242.369 401 0.006
1791638242.869 401 0.008
1791638243.369 401 0.003
1791638243.869 401 0.007
1791638244.370 401 0.003
1791638244.870 401 0.008
1791638245.370 401 0.003
1791638245.871 401 0.007
1791638246.371 401 0.003
1791638246.871 401 0.004
1791638247.371 401 0.003
1791638247.872 401 0.007
1791638248.372 401 0.003
1791638248.872 401 0.007
1791638249.372 401 0.003
1791638249.873 401 0.008
1791638250.373 401 0.002
1791638250.873 401 0.006
1791638251.374 401 0.002
1791638251.874 401 0.005
1791638252.374 401 0.002
1791638252.875 401 0.007
1791638253.375 401 0.003
1791638253.875 401 0.006
1791638254.375 401 0.006
1791638254.876 401 0.007
1791638255.376 401 0.008
1791638255.877 401 0.008
1791638256.377 401 0.004
1791638256.877 401 0.007
1791638257.377 401 0.003
1791638257.878 401 0.006
1791638258.378 401 0.006
1791638258.879 401 0.007
1791638259.379 401 0.004
1791638259.879 401 0.006
1791638260.380 401 0.009
1791638260.880 401 0.008
1791638261.380 401 0.003
1791638261.880 401 0.005
1791638262.381 401 0.003
1791638262.881 401 0.005
1791638263.382 401 0.008
1791638263.882 401 0.010
1791638264.382 401 0.002
1791638264.883 401 0.005
1791638265.383 401 0.003
1791638265.883 401 0.007
1791638266.384 401 0.003
1791638266.884 401 0.006
1791638267.384 401 0.003
1791638267.884 401 0.005
1791638268.385 401 0.003
1791638268.885 401 0.007
1791638269.385 401 0.003
1791638269.886 401 0.007
1791638270.386 401 0.008
1791638270.888 401 0.007
1791638271.388 401 0.003
1791638271.889 401 0.005
1791638272.389 401 0.006
1791638272.890 401 0.006
1791638273.390 401 0.003
1791638273.890 401 0.008
1791638274.391 401 0.003
1791638274.891 401 0.005
1791638275.391 401 0.002
1791638275.891 401 0.005
1791638276.392 401 0.007
1791638276.892 401 0.006
1791638277.392 401 0.006
1791638277.892 401 0.006
1791638278.393 401 0.003
1791638278.893 401 0.006
1791638279.393 401 0.007
1791638279.894 401 0.006
1791638280.394 401 0.003
1791638280.894 401 0.005
1791638281.395 401 0.010
1791638281.895 401 0.004
1791638282.395 401 0.003
1791638282.896 401 0.005
1791638283.396 401 0.003
1791638283.896 401 0.005
1791638284.396 401 0.006
1791638284.897 401 0.005
1791638285.397 401 0.003
1791638285.897 401 0.007
1791638286.397 401 0.002
1791638286.898 401 0.005
1791638287.398 401 0.003
1791638287.898 401 0.005
1791638288.398 401 0.003
1791638288.898 401 0.005
1791638289.399 401 0.003
1791638289.899 401 0.006
1791638290.399 401 0.003
1791638290.899 401 0.005
1791638291.400 401 0.003
1791638291.901 401 0.007
1791638292.401 401 0.007
1791638292.901 401 0.004
1791638293.401 401 0.007
1791638293.902 401 0.004
1791638294.402 401 0.006
1791638294.902 401 0.006
1791638295.402 401 0.007
1791638295.903 401 0.004
1791638296.404 401 0.006
1791638296.904 401 0.003
1791638297.405 401 0.005
1791638297.905 401 0.003
1791638298.406 401 0.005
1791638298.906 401 0.004
1791638299.407 401 0.005
1791638299.907 401 0.003
1791638300.407 401 0.005
1791638300.908 401 0.003
1791638301.408 401 0.006
1791638301.908 401 0.003
1791638302.409 401 0.005
1791638302.910 401 0.003
1791638303.410 401 0.005
1791638303.911 401 0.003
1791638304.411 401 0.006
1791638304.911 401 0.003
1791638305.412 401 0.006
1791638305.912 401 0.003
1791638306.413 401 0.005
1791638306.913 401 0.003
1791638307.414 401 0.006
1791638307.914 401 0.007
1791638308.414 401 0.009
1791638308.915 401 0.003
1791638309.415 401 0.006
1791638309.915 401 0.003
1791638310.416 401 0.006
1791638310.916 401 0.007
1791638311.416 401 0.005
1791638311.917 401 0.003
1791638312.417 401 0.005
1791638312.918 401 0.008
1791638313.419 401 0.005
1791638313.919 401 0.004
1791638314.419 401 0.005
1791638314.920 401 0.003
1791638315.420 401 0.005
1791638315.921 401 0.010
1791638316.422 401 0.005
1791638316.922 401 0.003
1791638317.423 401 0.005
1791638317.923 401 0.005
1791638318.423 401 0.005
1791638318.923 401 0.003
1791638319.424 401 0.005
1791638319.924 401 0.003
1791638320.424 401 0.006
1791638320.925 401 0.003
1791638321.425 401 0.005
1791638321.925 401 0.003
1791638322.426 401 0.005
1791638322.926 401 0.003
1791638323.426 401 0.005
1791638323.927 401 0.004
1791638324.427 401 0.006
1791638324.927 401 0.003
1791638325.428 401 0.006
1791638325.928 401 0.003
1791638326.428 401 0.007
1791638326.928 401 0.003
1791638327.429 401 0.005
1791638327.929 401 0.003
1791638328.430 401 0.005
1791638328.930 401 0.007
1791638329.430 401 0.005
1791638329.930 401 0.003
1791638330.431 401 0.005
1791638330.931 401 0.003
1791638331.432 401 0.005
1791638331.932 401 0.006
1791638332.432 401 0.005
1791638332.932 401 0.003
1791638333.433 401 0.006
1791638333.934 401 0.007
1791638334.435 401 0.006
1791638334.935 401 0.003
1791638335.435 401 0.005
1791638335.935 401 0.003
1791638336.436 401 0.005
1791638336.936 401 0.007
1791638337.437 401 0.005
1791638337.937 401 0.003
1791638338.437 401 0.005
1791638338.938 401 0.003
1791638339.438 401 0.007
1791638339.938 401 0.003
1791638340.439 401 0.005
1791638340.939 401 0.003
1791638341.439 401 0.005
1791638341.939 401 0.002
1791638342.440 401 0.005
1791638342.940 401 0.003
1791638343.440 401 0.005
1791638343.940 401 0.003
1791638344.441 401 0.006
1791638344.941 401 0.003
1791638345.441 401 0.005
1791638345.942 401 0.003
1791638346.442 401 0.005
1791638346.942 401 0.003
1791638347.442 401 0.006
1791638347.943 401 0.003
1791638348.443 401 0.005
1791638348.943 401 0.005
1791638349.443 401 0.005
1791638349.944 401 0.004
1791638350.444 401 0.005
1791638350.944 401 0.003
1791638351.445 401 0.005
1791638351.945 401 0.003
1791638352.445 401 0.005
1791638352.945 401 0.003
1791638353.446 401 0.005
1791638353.946 401 0.003
1791638354.447 401 0.006
1791638354.947 401 0.007
1791638355.448 401 0.005
1791638355.948 401 0.003
1791638356.449 401 0.006
1791638356.949 401 0.003
1791638357.449 401 0.005
1791638357.950 401 0.007
1791638358.450 401 0.005
1791638358.951 401 0.003
1791638359.451 401 0.005
1791638359.951 401 0.005
1791638360.452 401 0.005
1791638360.952 401 0.003
1791638361.453 401 0.005
1791638361.953 401 0.003
1791638362.453 401 0.005
1791638362.954 401 0.008
1791638363.454 401 0.005
1791638363.955 401 0.003
1791638364.455 401 0.007
1791638364.955 401 0.003
1791638365.456 401 0.005
1791638365.956 401 0.003
1791638366.456 401 0.005
1791638366.956 401 0.003
1791638367.457 401 0.005
1791638367.957 401 0.003
1791638368.457 401 0.006
1791638368.957 401 0.003
1791638369.458 401 0.006
1791638369.958 401 0.003
1791638370.461 401 0.006
1791638370.962 401 0.003
1791638371.462 401 0.006
1791638371.962 401 0.003
1791638372.463 401 0.006
1791638372.963 401 0.006
1791638373.464 401 0.005
1791638373.964 401 0.003
1791638374.464 401 0.005
1791638374.965 401 0.003
1791638375.465 401 0.006
1791638375.966 401 0.008
1791638376.466 401 0.006
1791638376.967 401 0.003
1791638377.467 401 0.005
1791638377.968 401 0.003
1791638378.468 401 0.005
1791638378.968 401 0.007
1791638379.469 401 0.007
1791638379.969 401 0.003
1791638380.469 401 0.007
1791638380.971 401 0.008
1791638381.471 401 0.005
1791638381.971 401 0.002
1791638382.472 401 0.005
1791638382.972 401 0.003
1791638383.472 401 0.005
1791638383.972 401 0.007
1791638384.473 401 0.005
1791638384.973 401 0.003
1791638385.474 401 0.007
1791638385.974 401 0.003
1791638386.474 401 0.006
1791638386.975 401 0.003
1791638387.475 401 0.006
1791638387.975 401 0.006
1791638388.475 401 0.005
1791638388.976 401 0.003
1791638389.476 401 0.005
1791638389.976 401 0.003
1791638390.476 401 0.005
1791638390.977 401 0.003
1791638391.477 401 0.005
1791638391.977 401 0.003
1791638392.478 401 0.005
1791638392.978 401 0.003
1791638393.478 401 0.006
1791638393.978 401 0.003
1791638394.479 401 0.007
1791638394.979 401 0.003
1791638395.479 401 0.005
1791638395.980 401 0.006
1791638396.481 401 0.011
1791638396.981 401 0.009
1791638397.482 401 0.005
1791638397.982 401 0.003
1791638398.482 401 0.005
1791638398.983 401 0.003
1791638399.483 401 0.006
1791638399.983 401 0.007
1791638400.484 401 0.006
1791638400.984 401 0.004
1791638401.484 401 0.006
1791638401.985 401 0.006
1791638402.486 401 0.006
1791638402.986 401 0.003
1791638403.486 401 0.005
1791638403.987 401 0.008
1791638404.488 401 0.006
1791638404.988 401 0.003
1791638405.489 401 0.006
1791638405.990 401 0.009
1791638406.490 401 0.006
1791638406.990 401 0.003
1791638407.491 401 0.006
1791638407.991 401 0.005
1791638408.491 401 0.006
1791638408.992 401 0.003
1791638409.492 401 0.006
1791638409.992 401 0.003
1791638410.492 401 0.005
1791638410.993 401 0.004
1791638411.493 401 0.009
1791638411.994 401 0.003
1791638412.494 401 0.006
1791638412.994 401 0.003
1791638413.495 401 0.008
1791638413.995 401 0.003
1791638414.496 401 0.005
1791638414.996 401 0.003
1791638415.496 401 0.006
1791638415.996 401 0.003
1791638416.497 401 0.005
1791638416.998 401 0.003
1791638417.498 401 0.005
1791638417.998 401 0.004
1791638418.499 401 0.005
1791638418.999 401 0.003
1791638419.500 401 0.007
1791638420.000 401 0.003
1791638420.500 401 0.006
1791638421.001 401 0.003
1791638421.501 401 0.008
1791638422.001 401 0.003
1791638422.502 401 0.007
1791638423.002 401 0.004
1791638423.502 401 0.007
1791638424.003 401 0.003
1791638424.503 401 0.008
1791638425.003 401 0.003
1791638425.504 401 0.007
1791638426.004 401 0.006
1791638426.504 401 0.009
1791638427.005 401 0.007
1791638427.506 401 0.008
1791638428.006 401 0.003
1791638428.507 401 0.008
1791638429.007 401 0.003
1791638429.542 401 0.285
1791638430.047 401 0.037
1791638430.552 401 2.822
1791638434.139 401 2.140
1791638436.281 401 0.254
1791638436.781 401 0.004
1791638437.281 401 0.003
1791638437.782 401 0.006
1791638438.282 401 0.003
1791638438.782 401 0.005
1791638439.282 401 0.003
1791638439.783 401 0.006
1791638440.283 401 0.003
1791638440.783 401 0.005
1791638441.283 401 0.003
1791638441.784 401 0.006
1791638442.284 401 0.003
1791638442.784 401 0.005
1791638443.284 401 0.003
1791638443.785 401 0.007
1791638444.285 401 0.004
1791638444.785 401 0.005
1791638445.285 401 0.003
1791638445.786 401 0.005
1791638446.286 401 0.005
1791638446.786 401 0.007
1791638447.286 401 0.003
1791638447.787 401 0.005
1791638448.287 401 0.005
1791638448.787 401 0.005
1791638449.288 401 0.003
1791638449.788 401 0.006
1791638450.288 401 0.003
1791638450.788 401 0.005
1791638451.289 401 0.003
1791638451.789 401 0.004
1791638452.289 401 0.005
1791638452.790 401 0.005
1791638453.290 401 0.004
1791638453.790 401 0.006
1791638454.290 401 0.003
1791638454.791 401 0.012
1791638455.291 401 0.003
1791638455.791 401 0.005
1791638456.291 401 0.003
1791638456.792 401 0.006
1791638457.292 401 0.006
1791638457.793 401 0.005
1791638458.293 401 0.003
1791638458.793 401 0.005
1791638459.293 401 0.002
1791638459.794 401 0.005
1791638460.294 401 0.003
1791638460.794 401 0.005
1791638461.294 401 0.002
1791638461.795 401 0.004
1791638462.295 401 0.007
1791638462.795 401 0.005
1791638463.295 401 0.003
1791638463.795 401 0.005
1791638464.296 401 0.003
1791638464.796 401 0.004
1791638465.296 401 0.005
1791638465.796 401 0.004
1791638466.297 401 0.003
1791638466.797 401 0.005
1791638467.297 401 0.003
1791638467.797 401 0.005
1791638468.297 401 0.003
1791638468.798 401 0.004
1791638469.298 401 0.003
1791638469.798 401 0.004
1791638470.298 401 0.004
1791638470.799 401 0.005
1791638471.299 401 0.003
1791638471.799 401 0.004
1791638472.299 401 0.003
1791638472.800 401 0.005
1791638473.300 401 0.004
1791638473.800 401 0.005
1791638474.301 401 0.003
1791638474.801 401 0.004
1791638475.301 401 0.005
1791638475.801 401 0.005
1791638476.302 401 0.003
1791638476.802 401 0.005
1791638477.302 401 0.004
1791638477.802 401 0.005
1791638478.303 401 0.003
1791638478.803 401 0.006
1791638479.303 401 0.003
1791638479.804 401 0.005
1791638480.304 401 0.003
1791638480.804 401 0.005
1791638481.304 401 0.002
1791638481.805 401 0.004
1791638482.305 401 0.003
1791638482.806 401 0.005
1791638483.306 401 0.003
1791638483.806 401 0.005
1791638484.306 401 0.003
1791638484.807 401 0.005
1791638485.307 401 0.002
1791638485.807 401 0.005
1791638486.307 401 0.003
1791638486.808 401 0.005
1791638487.308 401 0.004
1791638487.809 401 0.005
1791638488.309 401 0.003
1791638488.810 401 0.005
1791638489.310 401 0.038
1791638489.810 401 0.005
1791638490.310 401 0.003
1791638490.811 401 0.005
1791638491.311 401 0.004
1791638491.811 401 0.004
1791638492.312 401 0.003
1791638492.812 401 0.007
1791638493.312 401 0.003
1791638493.813 401 0.005
1791638494.313 401 0.003
1791638494.813 401 0.006
1791638495.314 401 0.003
1791638495.814 401 0.005
1791638496.314 401 0.005
1791638496.815 401 0.005
1791638497.315 401 0.003
1791638497.815 401 0.004
1791638498.315 401 0.003
1791638498.816 401 0.003
1791638499.316 401 0.005
1791638499.816 401 0.004
1791638500.317 401 0.002
1791638500.818 401 0.005
1791638501.318 401 0.002
1791638501.818 401 0.006
1791638502.318 401 0.003
1791638502.818 401 0.004
1791638503.319 401 0.003
1791638503.820 401 0.010
1791638504.320 401 0.003
1791638504.820 401 0.004
1791638505.320 401 0.003
1791638505.821 401 0.005
1791638506.321 401 0.003
1791638506.822 401 0.007
1791638507.322 401 0.003
1791638507.823 401 0.006
1791638508.323 401 0.003
1791638508.823 401 0.005
1791638509.323 401 0.003
1791638509.824 401 0.005
1791638510.324 401 0.004
1791638510.824 401 0.005
1791638511.325 401 0.002
1791638511.825 401 0.004
1791638512.325 401 0.005
1791638512.826 401 0.006
1791638513.326 401 0.002
1791638513.827 401 0.005
1791638514.327 401 0.003
1791638514.827 401 0.005
1791638515.328 401 0.003
1791638515.828 401 0.005
1791638516.328 401 0.003
1791638516.828 401 0.004
1791638517.329 401 0.005
1791638517.829 401 0.004
1791638518.330 401 0.006
1791638518.830 401 0.007
1791638519.331 401 0.008
1791638519.831 401 0.005
1791638520.331 401 0.005
1791638520.832 401 0.005
1791638521.332 401 0.003
1791638521.832 401 0.003
1791638522.333 401 0.003
1791638522.833 401 0.006
1791638523.333 401 0.003
1791638523.834 401 0.004
1791638524.334 401 0.002
1791638524.834 401 0.005
1791638525.335 401 0.006
1791638525.835 401 0.006
1791638526.335 401 0.003
1791638526.836 401 0.004
1791638527.336 401 0.002
1791638527.836 401 0.005
1791638528.337 401 0.005
1791638528.837 401 0.005
1791638529.337 401 0.003
1791638529.838 401 0.006
1791638530.338 401 0.002
1791638530.838 401 0.004
1791638531.338 401 0.003
1791638531.839 401 0.003
1791638532.339 401 0.003
1791638532.839 401 0.007
1791638533.340 401 0.004
1791638533.840 401 0.005
1791638534.340 401 0.003
1791638534.841 401 0.004
1791638535.341 401 0.003
1791638535.841 401 0.005
1791638536.341 401 0.003
1791638536.842 401 0.004
1791638537.342 401 0.003
1791638537.842 401 0.004
1791638538.343 401 0.005
1791638538.843 401 0.004
1791638539.343 401 0.003
1791638539.844 401 0.004
1791638540.344 401 0.003
1791638540.844 401 0.004
1791638541.344 401 0.003
1791638541.845 401 0.005
1791638542.345 401 0.003
1791638542.846 401 0.005
1791638543.346 401 0.003
1791638543.846 401 0.004
1791638544.346 401 0.002
1791638544.846 401 0.004
1791638545.347 401 0.002
1791638545.847 401 0.004
1791638546.348 401 0.005
1791638546.848 401 0.004
1791638547.348 401 0.003
1791638547.848 401 0.004
1791638548.349 401 0.002
1791638548.849 401 0.005
1791638549.349 401 0.003
1791638549.851 401 0.071
1791638550.351 401 0.003
1791638550.852 401 0.005
1791638551.352 401 0.004
1791638551.852 401 0.004
1791638552.352 401 0.003
1791638552.853 401 0.004
1791638553.353 401 0.003
1791638553.853 401 0.004
1791638554.354 401 0.004
1791638554.854 401 0.004
1791638555.356 401 0.004
1791638555.856 401 0.004
1791638556.356 401 0.003
1791638556.857 401 0.005
1791638557.357 401 0.003
1791638557.857 401 0.005
1791638558.357 401 0.003
1791638558.858 401 0.006
1791638559.359 401 0.005
1791638559.859 401 0.004
1791638560.359 401 0.007
1791638560.859 401 0.003
1791638561.360 401 0.003
1791638561.860 401 0.003
1791638562.360 401 0.006
1791638562.861 401 0.004
1791638563.361 401 0.003
1791638563.861 401 0.004
1791638564.361 401 0.003
1791638564.861 401 0.003
1791638565.362 401 0.002
1791638565.862 401 0.005
1791638566.362 401 0.003
1791638566.863 401 0.005
1791638567.363 401 0.003
1791638567.863 401 0.004
1791638568.363 401 0.003
1791638568.864 401 0.005
1791638569.364 401 0.005
1791638569.865 401 0.005
1791638570.365 401 0.003
1791638570.865 401 0.005
1791638571.365 401 0.003
1791638571.866 401 0.004
1791638572.366 401 0.003
1791638572.867 401 0.006
1791638573.367 401 0.003
1791638573.867 401 0.004
1791638574.367 401 0.003
1791638574.868 401 0.005
1791638575.368 401 0.008
1791638575.869 401 0.005
1791638576.369 401 0.003
1791638576.869 401 0.005
1791638577.369 401 0.002
1791638577.870 401 0.005
1791638578.370 401 0.002
1791638578.870 401 0.005
1791638579.376 401 0.018
1791638579.876 401 0.005
1791638580.376 401 0.005
1791638580.877 401 0.005
1791638581.377 401 0.002
1791638581.877 401 0.003
1791638582.377 401 0.002
1791638582.878 401 0.003
1791638583.378 401 0.005
1791638583.878 401 0.005
1791638584.378 401 0.003
1791638584.879 401 0.005
1791638585.379 401 0.005
1791638585.880 401 0.005
1791638586.380 401 0.003
1791638586.880 401 0.005
1791638587.380 401 0.003
1791638587.881 401 0.007
1791638588.381 401 0.002
1791638588.881 401 0.005
1791638589.381 401 0.003
1791638589.882 401 0.005
1791638590.382 401 0.003
1791638590.883 401 0.005
1791638591.383 401 0.007
1791638591.883 401 0.003
1791638592.383 401 0.002
1791638592.884 401 0.005
1791638593.384 401 0.003
1791638593.884 401 0.005
1791638594.385 401 0.003
1791638594.885 401 0.005
1791638595.385 401 0.003
1791638595.885 401 0.005
1791638596.386 401 0.002
1791638596.886 401 0.005
1791638597.387 401 0.003
1791638597.887 401 0.005
1791638598.387 401 0.003
1791638598.887 401 0.005
1791638599.387 401 0.003
1791638599.888 401 0.005
1791638600.388 401 0.003
1791638600.889 401 0.005
1791638601.389 401 0.003
1791638601.889 401 0.004
1791638602.389 401 0.003
1791638602.889 401 0.004
1791638603.390 401 0.004
1791638603.890 401 0.005
1791638604.390 401 0.003
1791638604.890 401 0.004
1791638605.390 401 0.003
1791638605.891 401 0.005
1791638606.392 401 0.005
1791638606.892 401 0.005
1791638607.392 401 0.002
1791638607.893 401 0.004
1791638608.393 401 0.003
1791638608.893 401 0.005
1791638609.394 401 0.005
1791638609.894 401 0.005
1791638610.394 401 0.006
1791638610.894 401 0.005
1791638611.396 401 0.005
1791638611.896 401 0.004
1791638612.396 401 0.003
1791638612.896 401 0.005
1791638613.397 401 0.003
1791638613.897 401 0.005
1791638614.397 401 0.005
1791638614.898 401 0.005
1791638615.398 401 0.003
1791638615.898 401 0.005
1791638616.398 401 0.002
1791638616.899 401 0.007
1791638617.400 401 0.002
1791638617.900 401 0.004
1791638618.400 401 0.003
1791638618.900 401 0.004
1791638619.401 401 0.007
1791638619.901 401 0.005
1791638620.401 401 0.003
1791638620.902 401 0.007
1791638621.402 401 0.003
1791638621.902 401 0.003
1791638622.402 401 0.006
1791638622.902 401 0.003
1791638623.402 401 0.005
1791638623.903 401 0.004
1791638624.403 401 0.006
1791638624.903 401 0.005
1791638625.403 401 0.014
1791638625.903 401 0.003
1791638626.403 401 0.005
1791638626.904 401 0.006
1791638627.404 401 0.006
1791638627.904 401 0.003
1791638628.406 401 0.005
1791638628.906 401 0.005
1791638629.407 401 0.005
1791638629.907 401 0.003
1791638630.407 401 0.005
1791638630.908 401 0.003
1791638631.408 401 0.005
1791638631.908 401 0.002
1791638632.409 401 0.005
1791638632.909 401 0.003
1791638633.410 401 0.005
1791638633.910 401 0.003
1791638634.410 401 0.005
1791638634.910 401 0.003
1791638635.411 401 0.006
1791638635.911 401 0.003
1791638636.412 401 0.005
1791638636.912 401 0.003
1791638637.412 401 0.005
1791638637.914 401 0.005
1791638638.414 401 0.005
1791638638.914 401 0.003
1791638639.415 401 0.005
1791638639.915 401 0.003
1791638640.416 401 0.005
1791638640.917 401 0.006
1791638641.418 401 0.005
1791638641.918 401 0.002
1791638642.418 401 0.005
1791638642.919 401 0.005
1791638643.419 401 0.007
1791638643.919 401 0.003
1791638644.419 401 0.005
1791638644.920 401 0.003
1791638645.420 401 0.005
1791638645.921 401 0.005
1791638646.421 401 0.005
1791638646.922 401 0.003
1791638647.422 401 0.005
1791638647.922 401 0.003
1791638648.423 401 0.005
1791638648.923 401 0.003
1791638649.423 401 0.005
1791638649.924 401 0.003
1791638650.425 401 0.005
1791638650.926 401 0.006
1791638651.427 401 0.006
1791638651.927 401 0.003
1791638652.427 401 0.005
1791638652.928 401 0.003
1791638653.428 401 0.008
1791638653.928 401 0.003
1791638654.429 401 0.005
1791638654.929 401 0.003
1791638655.429 401 0.005
1791638655.931 401 0.005
1791638656.431 401 0.005
1791638656.931 401 0.003
1791638657.432 401 0.005
1791638657.932 401 0.005
1791638658.432 401 0.005
1791638658.933 401 0.005
1791638659.433 401 0.005
1791638659.933 401 0.003
1791638660.434 401 0.005
1791638660.934 401 0.004
1791638661.435 401 0.005
1791638661.935 401 0.006
1791638662.436 401 0.005
1791638662.936 401 0.003
1791638663.436 401 0.005
1791638663.937 401 0.005
1791638664.438 401 0.005
1791638664.938 401 0.003
1791638665.438 401 0.005
1791638665.939 401 0.003
1791638666.439 401 0.005
1791638666.940 401 0.006
1791638667.441 401 0.005
1791638667.942 401 0.002
1791638668.442 401 0.005
1791638668.942 401 0.003
1791638669.443 401 0.005
1791638669.943 401 0.003
1791638670.444 401 0.005
1791638670.944 401 0.003
1791638671.445 401 0.005
1791638671.945 401 0.005
1791638672.445 401 0.005
1791638672.946 401 0.003
1791638673.446 401 0.005
1791638673.946 401 0.004
1791638674.447 401 0.005
1791638674.947 401 0.003
1791638675.448 401 0.005
1791638675.948 401 0.005
1791638676.448 401 0.005
1791638676.948 401 0.003
1791638677.449 401 0.005
1791638677.949 401 0.005
1791638678.450 401 0.005
1791638678.950 401 0.003
1791638679.450 401 0.005
1791638679.951 401 0.003
1791638680.451 401 0.005
1791638680.951 401 0.005
1791638681.452 401 0.005
1791638681.952 401 0.005
1791638682.453 401 0.005
1791638682.953 401 0.005
1791638683.454 401 0.005
1791638683.954 401 0.003
1791638684.454 401 0.006
1791638684.955 401 0.005
1791638685.456 401 0.006
1791638685.956 401 0.003
1791638686.457 401 0.007
1791638686.957 401 0.003
1791638687.457 401 0.005
1791638687.958 401 0.005
1791638688.459 401 0.005
1791638688.959 401 0.003
1791638689.460 401 0.005
1791638689.960 401 0.003
1791638690.460 401 0.005
1791638690.960 401 0.003
1791638691.461 401 0.005
1791638691.962 401 0.008
1791638692.462 401 0.005
1791638692.963 401 0.005
1791638693.463 401 0.005
1791638693.963 401 0.003
1791638694.464 401 0.005
1791638694.964 401 0.003
1791638695.464 401 0.005
1791638695.964 401 0.003
1791638696.465 401 0.005
1791638696.965 401 0.003
1791638697.466 401 0.005
1791638697.966 401 0.003
1791638698.466 401 0.006
1791638698.966 401 0.003
1791638699.467 401 0.006
1791638699.967 401 0.003
1791638700.467 401 0.005
1791638700.967 401 0.005
1791638701.468 401 0.005
1791638701.968 401 0.003
1791638702.468 401 0.005
1791638702.968 401 0.003
1791638703.469 401 0.009
1791638703.969 401 0.003
1791638704.473 401 0.039
1791638704.973 401 0.002
1791638705.474 401 0.008
1791638705.974 401 0.005
1791638706.474 401 0.005
1791638706.974 401 0.003
1791638707.476 401 0.007
1791638707.976 401 0.003
1791638708.476 401 0.005
1791638708.977 401 0.009
1791638709.478 401 0.005
1791638709.978 401 0.003
1791638710.478 401 0.005
1791638710.978 401 0.003
1791638711.478 401 0.005
1791638711.979 401 0.003
1791638712.479 401 0.005
1791638712.979 401 0.003
1791638713.479 401 0.005
1791638713.980 401 0.005
1791638714.480 401 0.005
1791638714.981 401 0.003
1791638715.481 401 0.007
1791638715.981 401 0.003
1791638716.481 401 0.005
1791638716.982 401 0.003
1791638717.482 401 0.005
1791638717.982 401 0.004
1791638718.483 401 0.006
1791638718.983 401 0.003
1791638719.483 401 0.005
1791638719.983 401 0.003
1791638720.484 401 0.005
1791638720.984 401 0.005
1791638721.485 401 0.006
1791638721.985 401 0.005
1791638722.486 401 0.005
1791638722.986 401 0.005
1791638723.486 401 0.005
1791638723.987 401 0.003
1791638724.487 401 0.006
1791638724.987 401 0.004
1791638725.488 401 0.005
1791638725.988 401 0.004
1791638726.488 401 0.005
1791638726.989 401 0.006
1791638727.490 401 0.005
1791638727.990 401 0.003
1791638728.490 401 0.005
1791638728.990 401 0.003
1791638729.491 401 0.006
1791638729.992 401 0.007
1791638730.492 401 0.005
1791638730.992 401 0.005
1791638731.493 401 0.005
1791638731.994 401 0.003
1791638732.494 401 0.005
1791638732.994 401 0.005
1791638733.495 401 0.005
1791638733.995 401 0.003
1791638734.495 401 0.005
1791638734.996 401 0.005
1791638735.496 401 0.006
1791638735.996 401 0.003
1791638736.497 401 0.005
1791638736.997 401 0.003
1791638737.497 401 0.006
1791638737.997 401 0.004
1791638738.498 401 0.005
1791638738.998 401 0.004
1791638739.498 401 0.005
1791638739.999 401 0.006
1791638740.499 401 0.005
1791638740.999 401 0.003
1791638741.500 401 0.005
1791638742.000 401 0.003
1791638742.500 401 0.005
1791638743.001 401 0.006
1791638743.501 401 0.007
1791638744.001 401 0.003
1791638744.502 401 0.005
1791638745.002 401 0.003
1791638745.502 401 0.005
1791638746.002 401 0.003
1791638746.503 401 0.005
1791638747.003 401 0.003
1791638747.503 401 0.005
1791638748.004 401 0.006
1791638748.504 401 0.006
1791638749.004 401 0.003
1791638749.504 401 0.007
1791638750.005 401 0.003
1791638750.505 401 0.006
1791638751.005 401 0.006
1791638751.506 401 0.006
1791638752.006 401 0.003
1791638752.507 401 0.006
1791638753.007 401 0.003
1791638753.508 401 0.007
1791638754.008 401 0.003
1791638754.509 401 0.006
1791638755.009 401 0.003
1791638755.509 401 0.006
1791638756.009 401 0.003
1791638756.510 401 0.006
1791638757.010 401 0.003
1791638757.511 401 0.006
1791638758.011 401 0.003
1791638758.512 401 0.007
1791638759.012 401 0.003
1791638759.513 401 0.006
1791638760.013 401 0.003
1791638760.514 401 0.007
1791638761.014 401 0.003
1791638761.515 401 0.006
1791638762.015 401 0.003
1791638762.516 401 0.006
1791638763.016 401 0.003
1791638763.516 401 0.005
1791638764.017 401 0.005
1791638764.517 401 0.006
1791638765.018 401 0.003
1791638765.518 401 0.006
1791638766.019 401 0.005
1791638766.519 401 0.006
1791638767.019 401 0.003
1791638767.520 401 0.006
1791638768.020 401 0.002
1791638768.521 401 0.006
1791638769.022 401 0.005
1791638769.522 401 0.006
1791638770.023 401 0.003
1791638770.523 401 0.006
1791638771.024 401 0.003
1791638771.524 401 0.006
1791638772.025 401 0.004
1791638772.525 401 0.006
1791638773.026 401 0.002
1791638773.526 401 0.006
1791638774.027 401 0.006
1791638774.527 401 0.005
1791638775.028 401 0.003
1791638775.528 401 0.006
1791638776.029 401 0.006
1791638776.530 401 0.006
1791638777.030 401 0.003
1791638777.531 401 0.008
1791638778.031 401 0.002
1791638778.532 401 0.006
1791638779.032 401 0.003
1791638779.532 401 0.006
1791638780.033 401 0.003
1791638780.534 401 0.006
1791638781.034 401 0.003
1791638781.534 401 0.007
1791638782.035 401 0.005
1791638782.536 401 0.005
1791638783.036 401 0.003
1791638783.536 401 0.006
1791638784.037 401 0.002
1791638784.537 401 0.005
1791638785.037 401 0.003
1791638785.538 401 0.005
1791638786.038 401 0.002
1791638786.538 401 0.007
1791638787.038 401 0.003
1791638787.539 401 0.006
1791638788.039 401 0.003
1791638788.540 401 0.006
1791638789.040 401 0.003
1791638789.541 401 0.006
1791638790.041 401 0.004
1791638790.542 401 0.006
1791638791.042 401 0.003
1791638791.543 401 0.006
1791638792.043 401 0.005
1791638792.544 401 0.006
1791638793.044 401 0.003
1791638793.544 401 0.006
1791638794.045 401 0.003
1791638794.545 401 0.005
1791638795.045 401 0.005
1791638795.546 401 0.006
1791638796.046 401 0.003
1791638796.547 401 0.006
1791638797.047 401 0.003
1791638797.548 401 0.006
1791638798.048 401 0.004
1791638798.548 401 0.006
1791638799.049 401 0.003
1791638799.549 401 0.006
1791638800.049 401 0.003
1791638800.550 401 0.006
1791638801.050 401 0.003
1791638801.551 401 0.005
1791638802.051 401 0.003
1791638802.551 401 0.006
1791638803.052 401 0.004
1791638803.552 401 0.005
1791638804.052 401 0.003
1791638804.553 401 0.006
1791638805.053 401 0.004
1791638805.553 401 0.006
1791638806.053 401 0.003
1791638806.554 401 0.006
1791638807.054 401 0.002
1791638807.554 401 0.006
1791638808.054 401 0.003
1791638808.555 401 0.005
1791638809.055 401 0.002
1791638809.555 401 0.006
1791638810.055 401 0.003
1791638810.556 401 0.006
1791638811.056 401 0.005
1791638811.556 401 0.006
1791638812.056 401 0.003
1791638812.557 401 0.006
1791638813.057 401 0.003
1791638813.557 401 0.005
1791638814.057 401 0.004
1791638814.558 401 0.006
1791638815.058 401 0.005
1791638815.558 401 0.005
1791638816.059 401 0.004
1791638816.559 401 0.005
1791638817.059 401 0.003
1791638817.559 401 0.006
1791638818.059 401 0.003
1791638818.560 401 0.006
1791638819.060 401 0.005
1791638819.560 401 0.006
1791638820.061 401 0.003
1791638820.561 401 0.007
1791638821.061 401 0.003
1791638821.561 401 0.007
1791638822.062 401 0.003
1791638822.562 401 0.008
1791638823.062 401 0.003
1791638823.563 401 0.006
1791638824.063 401 0.005
1791638824.563 401 0.007
1791638825.063 401 0.003
1791638825.564 401 0.006
1791638826.064 401 0.003
1791638826.564 401 0.006
1791638827.065 401 0.003
1791638827.565 401 0.006
1791638828.065 401 0.003
1791638828.566 401 0.006
1791638829.066 401 0.006
1791638829.566 401 0.006
1791638830.066 401 0.003
1791638830.567 401 0.006
1791638831.067 401 0.003
1791638831.567 401 0.005
1791638832.067 401 0.003
1791638832.568 401 0.006
1791638833.068 401 0.003
1791638833.568 401 0.006
1791638834.069 401 0.006
1791638834.569 401 0.006
1791638835.069 401 0.003
1791638835.570 401 0.006
1791638836.070 401 0.006
1791638836.571 401 0.006
1791638837.071 401 0.003
1791638837.572 401 0.006
1791638838.072 401 0.003
1791638838.574 401 0.008
1791638839.074 401 0.004
1791638839.575 401 0.008
1791638840.075 401 0.003
1791638840.575 401 0.006
1791638841.076 401 0.004
1791638841.576 401 0.006
1791638842.076 401 0.005
1791638842.577 401 0.007
1791638843.077 401 0.003
1791638843.577 401 0.006
1791638844.078 401 0.003
1791638844.578 401 0.006
1791638845.079 401 0.005
1791638845.580 401 0.006
1791638846.080 401 0.002
1791638846.580 401 0.006
1791638847.081 401 0.003
1791638847.582 401 0.006
1791638848.082 401 0.003
1791638848.582 401 0.005
1791638849.082 401 0.002
1791638849.583 401 0.006
1791638850.083 401 0.003
1791638850.584 401 0.005
1791638851.084 401 0.003
1791638851.584 401 0.006
1791638852.085 401 0.002
1791638852.585 401 0.005
1791638853.085 401 0.003
1791638853.585 401 0.005
1791638854.086 401 0.003
1791638854.586 401 0.005
1791638855.086 401 0.003
1791638855.587 401 0.005
1791638856.087 401 0.006
1791638856.587 401 0.006
1791638857.087 401 0.003
1791638857.588 401 0.006
1791638858.088 401 0.005
1791638858.589 401 0.007
1791638859.089 401 0.003
1791638859.589 401 0.006
1791638860.090 401 0.002
1791638860.590 401 0.005
1791638861.090 401 0.005
1791638861.591 401 0.006
1791638862.091 401 0.003
1791638862.591 401 0.004
1791638863.091 401 0.004
1791638863.592 401 0.004
1791638864.092 401 0.003
1791638864.592 401 0.005
1791638865.092 401 0.004
1791638865.593 401 0.009
1791638866.093 401 0.005
1791638866.593 401 0.005
1791638867.093 401 0.003
1791638867.593 401 0.005
1791638868.094 401 0.005
1791638868.594 401 0.007
1791638869.094 401 0.002
1791638869.595 401 0.004
1791638870.095 401 0.003
1791638870.596 401 0.007
1791638871.096 401 0.003
1791638871.596 401 0.005
1791638872.097 401 0.003
1791638872.597 401 0.006
1791638873.097 401 0.003
1791638873.597 401 0.004
1791638874.097 401 0.003
1791638874.598 401 0.004
1791638875.098 401 0.003
1791638875.598 401 0.005
1791638876.098 401 0.003
1791638876.599 401 0.007
1791638877.099 401 0.003
1791638877.599 401 0.004
1791638878.099 401 0.004
1791638878.600 401 0.005
1791638879.100 401 0.005
1791638879.600 401 0.004
1791638880.101 401 0.003
1791638880.601 401 0.004
1791638881.101 401 0.003
1791638881.601 401 0.004
1791638882.101 401 0.002
1791638882.602 401 0.004
1791638883.102 401 0.004
1791638883.602 401 0.005
1791638884.103 401 0.006
1791638884.603 401 0.005
1791638885.103 401 0.003
1791638885.604 401 0.008
1791638886.104 401 0.003
1791638886.605 401 0.009
1791638887.105 401 0.003
1791638887.605 401 0.005
1791638888.105 401 0.002
1791638888.606 401 0.005
1791638889.106 401 0.003
1791638889.606 401 0.005
1791638890.106 401 0.003
1791638890.607 401 0.008
1791638891.107 401 0.007
1791638891.608 401 0.006
1791638892.108 401 0.002
1791638892.608 401 0.006
1791638893.108 401 0.003
1791638893.609 401 0.006
1791638894.109 401 0.005
1791638894.609 401 0.006
1791638895.109 401 0.003
1791638895.610 401 0.005
1791638896.110 401 0.006
1791638896.610 401 0.005
1791638897.111 401 0.005
1791638897.611 401 0.005
1791638898.111 401 0.003
1791638898.612 401 0.005
1791638899.112 401 0.003
1791638899.612 401 0.005
1791638900.112 401 0.003
1791638900.613 401 0.005
1791638901.113 401 0.005
1791638901.613 401 0.003
1791638902.113 401 0.003
1791638902.613 401 0.005
1791638903.114 401 0.002
1791638903.614 401 0.005
1791638904.114 401 0.004
1791638904.614 401 0.005
1791638905.114 401 0.002
1791638905.615 401 0.005
1791638906.115 401 0.003
1791638906.616 401 0.009
1791638907.117 401 0.006
1791638907.617 401 0.006
1791638908.118 401 0.008
1791638908.619 401 0.006
1791638909.119 401 0.003
1791638909.620 401 0.006
1791638910.120 401 0.002
1791638910.620 401 0.006
1791638911.120 401 0.003
1791638911.621 401 0.005
1791638912.121 401 0.003
1791638912.621 401 0.006
1791638913.122 401 0.005
1791638913.622 401 0.005
1791638914.123 401 0.002
1791638914.623 401 0.006
1791638915.123 401 0.003
1791638915.624 401 0.006
1791638916.124 401 0.004
1791638916.625 401 0.006
1791638917.125 401 0.003
1791638917.625 401 0.005
1791638918.126 401 0.006
1791638918.627 401 0.006
1791638919.127 401 0.003
1791638919.627 401 0.006
1791638920.127 401 0.003
1791638920.628 401 0.006
1791638921.128 401 0.005
1791638921.629 401 0.004
1791638922.129 401 0.003
1791638922.629 401 0.006
1791638923.130 401 0.003
1791638923.630 401 0.005
1791638924.130 401 0.003
1791638924.631 401 0.007
1791638925.131 401 0.003
1791638925.632 401 0.005
1791638926.132 401 0.005
1791638926.633 401 0.006
1791638927.133 401 0.003
1791638927.633 401 0.005
1791638928.134 401 0.003
1791638928.634 401 0.005
1791638929.134 401 0.004
1791638929.635 401 0.005
1791638930.135 401 0.003
1791638930.636 401 0.006
1791638931.136 401 0.003
1791638931.636 401 0.004
1791638932.136 401 0.002
1791638932.637 401 0.006
1791638933.138 401 0.003
1791638933.638 401 0.004
1791638934.138 401 0.005
1791638934.639 401 0.007
1791638935.139 401 0.002
1791638935.640 401 0.006
1791638936.140 401 0.003
1791638936.641 401 0.006
1791638937.141 401 0.003
1791638937.641 401 0.004
1791638938.142 401 0.005
1791638938.642 401 0.006
1791638939.143 401 0.003
1791638939.643 401 0.007
1791638940.143 401 0.002
1791638940.644 401 0.005
1791638941.144 401 0.004
1791638941.644 401 0.004
1791638942.144 401 0.003
1791638942.645 401 0.006
1791638943.145 401 0.003
1791638943.645 401 0.005
1791638944.146 401 0.003
1791638944.646 401 0.005
1791638945.146 401 0.003
1791638945.647 401 0.006
1791638946.147 401 0.003
1791638946.648 401 0.005
1791638947.148 401 0.004
1791638947.648 401 0.005
1791638948.149 401 0.004
1791638948.649 401 0.005
1791638949.150 401 0.003
1791638949.650 401 0.005
1791638950.150 401 0.005
1791638950.651 401 0.005
1791638951.151 401 0.003
1791638951.652 401 0.006
1791638952.152 401 0.006
1791638952.653 401 0.005
1791638953.153 401 0.003
1791638953.653 401 0.005
1791638954.153 401 0.003
1791638954.654 401 0.006
1791638955.154 401 0.003
1791638955.654 401 0.005
1791638956.155 401 0.003
1791638956.655 401 0.005
1791638957.156 401 0.005
1791638957.656 401 0.006
1791638958.156 401 0.003
1791638958.657 401 0.006
1791638959.157 401 0.003
1791638959.658 401 0.007
1791638960.158 401 0.003
1791638960.658 401 0.006
1791638961.159 401 0.003
1791638961.659 401 0.004
1791638962.159 401 0.002
1791638962.659 401 0.005
1791638963.159 401 0.003
1791638963.660 401 0.004
1791638964.160 401 0.002
1791638964.661 401 0.006
1791638965.161 401 0.003
1791638965.661 401 0.006
1791638966.162 401 0.003
1791638966.662 401 0.006
1791638967.162 401 0.004
1791638967.663 401 0.005
1791638968.163 401 0.006
1791638968.664 401 0.006
1791638969.164 401 0.004
1791638969.665 401 0.006
1791638970.165 401 0.003
1791638970.666 401 0.005
1791638971.166 401 0.003
1791638971.666 401 0.004
1791638972.166 401 0.003
1791638972.667 401 0.006
1791638973.167 401 0.006
1791638973.668 401 0.004
1791638974.168 401 0.002
1791638974.668 401 0.006
1791638975.169 401 0.003
1791638975.669 401 0.005
1791638976.170 401 0.007
1791638976.670 401 0.005
1791638977.170 401 0.003
1791638977.671 401 0.005
1791638978.171 401 0.003
1791638978.671 401 0.016
1791638979.172 401 0.003
1791638979.672 401 0.005
1791638980.172 401 0.003
1791638980.673 401 0.005
1791638981.173 401 0.005
1791638981.673 401 0.004
1791638982.174 401 0.004
1791638982.674 401 0.005
1791638983.174 401 0.004
1791638983.675 401 0.005
1791638984.175 401 0.003
1791638984.675 401 0.005
1791638985.176 401 0.003
1791638985.676 401 0.004
1791638986.176 401 0.003
1791638986.676 401 0.005
1791638987.177 401 0.003
1791638987.677 401 0.005
1791638988.178 401 0.003
1791638988.678 401 0.004
1791638989.178 401 0.005
1791638989.679 401 0.004
1791638990.179 401 0.002
1791638990.679 401 0.005
1791638991.180 401 0.005
1791638991.680 401 0.003
1791638992.181 401 0.002
1791638992.681 401 0.005
1791638993.181 401 0.002
1791638993.681 401 0.003
1791638994.182 401 0.005
1791638994.682 401 0.004
1791638995.183 401 0.002
1791638995.683 401 0.005
1791638996.184 401 0.002
1791638996.684 401 0.004
1791638997.184 401 0.005
1791638997.685 401 0.009
1791638998.185 401 0.003
1791638998.685 401 0.005
1791638999.186 401 0.006
1791638999.686 401 0.004
1791639000.186 401 0.003
1791639000.687 401 0.004
1791639001.187 401 0.003
1791639001.687 401 0.003
1791639002.187 401 0.002
1791639002.688 401 0.006
1791639003.188 401 0.003
1791639003.688 401 0.005
1791639004.189 401 0.003
1791639004.689 401 0.005
1791639005.189 401 0.003
1791639005.690 401 0.006
1791639006.190 401 0.003
1791639006.690 401 0.005
1791639007.191 401 0.004
1791639007.691 401 0.007
1791639008.191 401 0.003
1791639008.692 401 0.006
1791639009.192 401 0.003
1791639009.693 401 0.005
1791639010.193 401 0.003
1791639010.694 401 0.006
1791639011.194 401 0.003
1791639011.694 401 0.004
1791639012.195 401 0.005
1791639012.695 401 0.005
1791639013.195 401 0.003
1791639013.696 401 0.006
1791639014.196 401 0.002
1791639014.696 401 0.005
1791639015.197 401 0.003
1791639015.697 401 0.006
1791639016.197 401 0.003
1791639016.698 401 0.006
1791639017.199 401 0.005
1791639017.699 401 0.005
1791639018.199 401 0.003
1791639018.700 401 0.005
1791639019.200 401 0.003
1791639019.701 401 0.006
1791639020.201 401 0.005
1791639020.702 401 0.007
1791639021.202 401 0.003
1791639021.702 401 0.004
1791639022.203 401 0.003
1791639022.703 401 0.005
1791639023.203 401 0.003
1791639023.703 401 0.004
1791639024.204 401 0.004
1791639024.704 401 0.005
1791639025.204 401 0.003
1791639025.705 401 0.005
1791639026.205 401 0.003
1791639026.705 401 0.005
1791639027.206 401 0.003
1791639027.706 401 0.006
1791639028.206 401 0.003
1791639028.707 401 0.005
1791639029.207 401 0.003
1791639029.708 401 0.006
1791639030.208 401 0.004
1791639030.709 401 0.005
1791639031.209 401 0.003
1791639031.709 401 0.004
1791639032.209 401 0.003
1791639032.710 401 0.005
1791639033.210 401 0.003
1791639033.711 401 0.005
1791639034.211 401 0.002
1791639034.711 401 0.006
1791639035.212 401 0.002
1791639035.712 401 0.006
1791639036.213 401 0.004
1791639036.713 401 0.005
1791639037.214 401 0.003
1791639037.714 401 0.004
1791639038.214 401 0.003
1791639038.715 401 0.005
1791639039.215 401 0.006
1791639039.716 401 0.006
1791639040.216 401 0.004
1791639040.717 401 0.006
1791639041.217 401 0.005
1791639041.717 401 0.004
1791639042.218 401 0.003
1791639042.718 401 0.006
1791639043.218 401 0.004
1791639043.719 401 0.006
1791639044.219 401 0.005
1791639044.720 401 0.006
1791639045.220 401 0.003
1791639045.721 401 0.007
1791639046.221 401 0.005
1791639046.722 401 0.007
1791639047.222 401 0.003
1791639047.722 401 0.005
1791639048.223 401 0.004
1791639048.723 401 0.005
1791639049.223 401 0.002
1791639049.724 401 0.006
1791639050.224 401 0.003
1791639050.725 401 0.006
1791639051.226 401 0.003
1791639051.726 401 0.005
1791639052.226 401 0.003
1791639052.727 401 0.005
1791639053.227 401 0.003
1791639053.728 401 0.005
1791639054.228 401 0.002
1791639054.728 401 0.005
1791639055.228 401 0.002
1791639055.729 401 0.004
1791639056.229 401 0.002
1791639056.730 401 0.006
1791639057.230 401 0.004
1791639057.730 401 0.006
1791639058.230 401 0.002
1791639058.731 401 0.005
1791639059.231 401 0.003
1791639059.732 401 0.006
1791639060.232 401 0.005
1791639060.732 401 0.005
1791639061.233 401 0.003
1791639061.733 401 0.003
1791639062.233 401 0.005
1791639062.734 401 0.006
1791639063.234 401 0.002
1791639063.734 401 0.005
1791639064.235 401 0.003
1791639064.735 401 0.005
1791639065.236 401 0.006
1791639065.736 401 0.005
1791639066.236 401 0.002
1791639066.737 401 0.006
1791639067.237 401 0.003
1791639067.738 401 0.005
1791639068.238 401 0.003
1791639068.738 401 0.005
1791639069.239 401 0.003
1791639069.739 401 0.005
1791639070.239 401 0.003
1791639070.740 401 0.006
1791639071.240 401 0.006
1791639071.741 401 0.005
1791639072.241 401 0.002
1791639072.741 401 0.005
1791639073.241 401 0.003
1791639073.742 401 0.006
1791639074.242 401 0.003
1791639074.743 401 0.005
1791639075.243 401 0.002
1791639075.743 401 0.005
1791639076.243 401 0.003
1791639076.744 401 0.006
1791639077.244 401 0.003
1791639077.745 401 0.006
1791639078.245 401 0.006
1791639078.745 401 0.004
1791639079.246 401 0.002
1791639079.746 401 0.005
1791639080.246 401 0.003
1791639080.747 401 0.006
1791639081.247 401 0.005
1791639081.748 401 0.004
1791639082.248 401 0.003
1791639082.749 401 0.006
1791639083.249 401 0.005
1791639083.749 401 0.005
1791639084.250 401 0.003
1791639084.750 401 0.005
1791639085.250 401 0.003
1791639085.751 401 0.006
1791639086.251 401 0.003
1791639086.751 401 0.003
1791639087.251 401 0.003
1791639087.752 401 0.005
1791639088.252 401 0.003
1791639088.752 401 0.007
1791639089.253 401 0.003
1791639089.753 401 0.005
1791639090.253 401 0.002
1791639090.754 401 0.004
1791639091.254 401 0.003
1791639091.754 401 0.004
1791639092.255 401 0.003
1791639092.755 401 0.006
1791639093.255 401 0.004
1791639093.756 401 0.007
1791639094.256 401 0.003
1791639094.756 401 0.006
1791639095.256 401 0.003
1791639095.757 401 0.005
1791639096.257 401 0.003
1791639096.757 401 0.005
1791639097.258 401 0.003
1791639097.758 401 0.005
1791639098.258 401 0.003
1791639098.759 401 0.004
1791639099.259 401 0.006
1791639099.759 401 0.004
1791639100.259 401 0.003
1791639100.760 401 0.005
1791639101.260 401 0.003
1791639101.760 401 0.004
1791639102.261 401 0.005
1791639102.761 401 0.005
1791639103.261 401 0.003
1791639103.761 401 0.004
1791639104.262 401 0.006
1791639104.763 401 0.004
1791639105.263 401 0.003
1791639105.763 401 0.004
1791639106.264 401 0.003
1791639106.764 401 0.004
1791639107.264 401 0.006
1791639107.765 401 0.004
1791639108.265 401 0.003
1791639108.765 401 0.004
1791639109.265 401 0.003
1791639109.766 401 0.005
1791639110.266 401 0.002
1791639110.766 401 0.004
1791639111.266 401 0.003
1791639111.767 401 0.003
1791639112.267 401 0.005
1791639112.767 401 0.005
1791639113.268 401 0.003
1791639113.768 401 0.004
1791639114.268 401 0.003
1791639114.768 401 0.005
1791639115.269 401 0.003
1791639115.769 401 0.005
1791639116.269 401 0.003
1791639116.769 401 0.005
1791639117.270 401 0.003
1791639117.770 401 0.004
1791639118.270 401 0.003
1791639118.770 401 0.006
1791639119.271 401 0.002
1791639119.771 401 0.007
1791639120.271 401 0.006
1791639120.772 401 0.006
1791639121.272 401 0.003
1791639121.772 401 0.005
1791639122.274 401 0.017
1791639122.775 401 0.024
1791639123.275 401 0.025
1791639123.776 401 0.040
1791639124.276 401 0.016
1791639124.777 401 0.018
1791639125.278 401 0.023
1791639125.779 401 0.206
1791639126.280 401 0.108
1791639126.782 401 0.138
1791639127.282 401 0.171
1791639127.783 401 0.172
1791639128.286 401 0.207
1791639128.787 401 0.069
1791639129.287 401 0.004
1791639129.788 401 0.007
1791639130.288 401 0.003
1791639130.788 401 0.007
1791639131.289 401 0.003
1791639131.789 401 0.004
1791639132.290 401 0.010
1791639132.790 401 0.005
1791639133.291 401 0.006
1791639133.791 401 0.007
1791639134.291 401 0.003
1791639134.792 401 0.004
1791639135.292 401 0.003
1791639135.792 401 0.006
1791639136.293 401 0.004
1791639136.793 401 0.005
1791639137.293 401 0.003
1791639137.793 401 0.005
1791639138.294 401 0.003
1791639138.794 401 0.005
1791639139.294 401 0.003
1791639139.795 401 0.005
1791639140.295 401 0.003
1791639140.795 401 0.005
1791639141.295 401 0.005
1791639141.796 401 0.004
1791639142.296 401 0.002
1791639142.796 401 0.005
1791639143.296 401 0.003
1791639143.797 401 0.005
1791639144.297 401 0.003
1791639144.797 401 0.005
1791639145.297 401 0.003
1791639145.798 401 0.006
1791639146.299 401 0.006
1791639146.799 401 0.005
1791639147.299 401 0.003
1791639147.800 401 0.005
1791639148.300 401 0.003
1791639148.800 401 0.004
1791639149.301 401 0.006
1791639149.801 401 0.006
1791639150.301 401 0.003
1791639150.801 401 0.005
1791639151.302 401 0.003
1791639151.802 401 0.004
1791639152.302 401 0.003
1791639152.803 401 0.006
1791639153.303 401 0.003
1791639153.803 401 0.005
1791639154.304 401 0.005
1791639154.804 401 0.004
1791639155.305 401 0.003
1791639155.805 401 0.006
1791639156.305 401 0.002
1791639156.806 401 0.006
1791639157.306 401 0.003
1791639157.806 401 0.003
1791639158.306 401 0.002
1791639158.807 401 0.005
1791639159.307 401 0.003
1791639159.807 401 0.005
1791639160.308 401 0.003
1791639160.808 401 0.005
1791639161.308 401 0.003
1791639161.808 401 0.004
1791639162.309 401 0.004
1791639162.809 401 0.005
1791639163.309 401 0.004
1791639163.810 401 0.005
1791639164.310 401 0.002
1791639164.810 401 0.005
1791639165.310 401 0.002
1791639165.811 401 0.005
1791639166.311 401 0.002
1791639166.811 401 0.005
1791639167.312 401 0.005
1791639167.812 401 0.005
1791639168.312 401 0.003
1791639168.813 401 0.005
1791639169.313 401 0.003
1791639169.813 401 0.007
1791639170.313 401 0.004
1791639170.814 401 0.005
1791639171.314 401 0.003
1791639171.814 401 0.004
1791639172.314 401 0.003
1791639172.815 401 0.005
1791639173.315 401 0.004
1791639173.815 401 0.003
1791639174.316 401 0.002
1791639174.816 401 0.004
1791639175.316 401 0.004
1791639175.817 401 0.005
1791639176.317 401 0.003
1791639176.817 401 0.007
1791639177.318 401 0.003
1791639177.818 401 0.005
1791639178.318 401 0.004
1791639178.819 401 0.006
1791639179.319 401 0.007
1791639179.819 401 0.003
1791639180.319 401 0.003
1791639180.820 401 0.005
1791639181.320 401 0.003
1791639181.820 401 0.003
1791639182.320 401 0.003
1791639182.821 401 0.005
1791639183.321 401 0.003
1791639183.822 401 0.005
1791639184.322 401 0.003
1791639184.822 401 0.006
1791639185.322 401 0.002
1791639185.823 401 0.006
1791639186.323 401 0.003
1791639186.823 401 0.005
1791639187.323 401 0.003
1791639187.824 401 0.005
1791639188.324 401 0.006
1791639188.825 401 0.005
1791639189.325 401 0.003
1791639189.825 401 0.005
1791639190.325 401 0.002
1791639190.826 401 0.005
1791639191.326 401 0.005
1791639191.826 401 0.004
1791639192.326 401 0.003
1791639192.827 401 0.005
1791639193.327 401 0.005
1791639193.828 401 0.005
1791639194.328 401 0.003
1791639194.828 401 0.004
1791639195.328 401 0.003
1791639195.829 401 0.005
1791639196.329 401 0.003
1791639196.829 401 0.006
1791639197.329 401 0.002
1791639197.830 401 0.005
1791639198.330 401 0.003
1791639198.830 401 0.005
1791639199.331 401 0.002
1791639199.831 401 0.005
1791639200.331 401 0.003
1791639200.831 401 0.005
1791639201.332 401 0.003
1791639201.832 401 0.004
1791639202.332 401 0.003
1791639202.833 401 0.005
1791639203.333 401 0.003
1791639203.833 401 0.005
1791639204.333 401 0.005
1791639204.834 401 0.004
1791639205.334 401 0.003
1791639205.834 401 0.004
1791639206.334 401 0.005
1791639206.835 401 0.004
1791639207.335 401 0.003
1791639207.835 401 0.004
1791639208.335 401 0.003
1791639208.836 401 0.007
1791639209.337 401 0.006
1791639209.838 401 0.005
1791639210.338 401 0.003
1791639210.838 401 0.003
1791639211.338 401 0.002
1791639211.838 401 0.003
1791639212.339 401 0.003
1791639212.839 401 0.004
1791639213.339 401 0.003
1791639213.839 401 0.004
1791639214.340 401 0.006
1791639214.840 401 0.004
1791639215.340 401 0.003
1791639215.841 401 0.005
1791639216.341 401 0.003
1791639216.841 401 0.004
1791639217.342 401 0.003
1791639217.842 401 0.004
1791639218.342 401 0.003
1791639218.843 401 0.005
1791639219.343 401 0.003
1791639219.843 401 0.004
1791639220.343 401 0.003
1791639220.844 401 0.004
1791639221.344 401 0.003
1791639221.844 401 0.003
1791639222.344 401 0.003
1791639222.845 401 0.004
1791639223.345 401 0.003
1791639223.845 401 0.005
1791639224.345 401 0.003
1791639224.846 401 0.006
1791639225.347 401 0.003
1791639225.847 401 0.004
1791639226.347 401 0.003
1791639226.847 401 0.004
1791639227.348 401 0.002
1791639227.848 401 0.004
1791639228.348 401 0.003
1791639228.848 401 0.004
1791639229.349 401 0.003
1791639229.849 401 0.005
1791639230.349 401 0.005
1791639230.850 401 0.004
1791639231.350 401 0.004
1791639231.850 401 0.003
1791639232.350 401 0.003
1791639232.851 401 0.006
1791639233.351 401 0.003
1791639233.851 401 0.004
1791639234.351 401 0.003
1791639234.852 401 0.005
1791639235.352 401 0.006
1791639235.853 401 0.005
1791639236.353 401 0.003
1791639236.853 401 0.004
1791639237.353 401 0.003
1791639237.854 401 0.004
1791639238.354 401 0.007
1791639238.854 401 0.004
1791639239.357 401 0.036
1791639239.858 401 0.005
1791639240.358 401 0.002
1791639240.858 401 0.006
1791639241.358 401 0.003
1791639241.859 401 0.003
1791639242.359 401 0.002
1791639242.859 401 0.005
1791639243.360 401 0.005
1791639243.860 401 0.005
1791639244.360 401 0.003
1791639244.860 401 0.005
1791639245.361 401 0.005
1791639245.861 401 0.006
1791639246.361 401 0.003
1791639246.861 401 0.005
1791639247.361 401 0.003
1791639247.862 401 0.007
1791639248.362 401 0.003
1791639248.863 401 0.006
1791639249.363 401 0.003
1791639249.863 401 0.005
1791639250.363 401 0.003
1791639250.864 401 0.006
1791639251.364 401 0.002
1791639251.864 401 0.004
1791639252.364 401 0.003
1791639252.865 401 0.006
1791639253.365 401 0.003
1791639253.866 401 0.005
1791639254.366 401 0.008
1791639254.866 401 0.006
1791639255.367 401 0.005
1791639255.867 401 0.005
1791639256.367 401 0.002
1791639256.868 401 0.005
1791639257.368 401 0.003
1791639257.868 401 0.005
1791639258.368 401 0.003
1791639258.869 401 0.005
1791639259.369 401 0.006
1791639259.869 401 0.006
1791639260.370 401 0.003
1791639260.870 401 0.007
1791639261.370 401 0.004
1791639261.871 401 0.004
1791639262.371 401 0.003
1791639262.871 401 0.005
1791639263.371 401 0.003
1791639263.871 401 0.003
1791639264.372 401 0.006
1791639264.872 401 0.005
1791639265.372 401 0.003
1791639265.873 401 0.005
1791639266.373 401 0.003
1791639266.873 401 0.006
1791639267.374 401 0.002
1791639267.874 401 0.005
1791639268.374 401 0.003
1791639268.874 401 0.005
1791639269.376 401 0.006
1791639269.876 401 0.006
1791639270.376 401 0.003
1791639270.877 401 0.005
1791639271.377 401 0.003
1791639271.877 401 0.003
1791639272.377 401 0.003
1791639272.878 401 0.006
1791639273.378 401 0.003
1791639273.878 401 0.005
1791639274.378 401 0.003
1791639274.879 401 0.007
1791639275.379 401 0.003
1791639275.880 401 0.006
1791639276.380 401 0.003
1791639276.880 401 0.005
1791639277.381 401 0.006
1791639277.881 401 0.005
1791639278.381 401 0.002
1791639278.882 401 0.006
1791639279.382 401 0.002
1791639279.882 401 0.006
1791639280.382 401 0.004
1791639280.883 401 0.005
1791639281.383 401 0.003
1791639281.883 401 0.004
1791639282.383 401 0.003
1791639282.884 401 0.005
1791639283.384 401 0.003
1791639283.884 401 0.005
1791639284.384 401 0.003
1791639284.885 401 0.006
1791639285.385 401 0.005
1791639285.886 401 0.006
1791639286.387 401 0.003
1791639286.887 401 0.005
1791639287.387 401 0.003
1791639287.887 401 0.005
1791639288.388 401 0.003
1791639288.888 401 0.007
1791639289.388 401 0.003
1791639289.889 401 0.005
1791639290.389 401 0.003
1791639290.889 401 0.006
1791639291.389 401 0.003
1791639291.890 401 0.004
1791639292.390 401 0.003
1791639292.890 401 0.005
1791639293.391 401 0.004
1791639293.891 401 0.003
1791639294.391 401 0.003
1791639294.891 401 0.005
1791639295.391 401 0.003
1791639295.892 401 0.005
1791639296.392 401 0.004
1791639296.892 401 0.007
1791639297.393 401 0.003
1791639297.893 401 0.005
1791639298.393 401 0.004
1791639298.894 401 0.007
1791639299.394 401 0.006
1791639299.895 401 0.006
1791639300.395 401 0.003
1791639300.895 401 0.005
1791639301.395 401 0.004
1791639301.895 401 0.003
1791639302.396 401 0.003
1791639302.896 401 0.005
1791639303.396 401 0.006
1791639303.897 401 0.003
1791639304.397 401 0.003
1791639304.897 401 0.005
1791639305.397 401 0.004
1791639305.898 401 0.005
1791639306.398 401 0.005
1791639306.898 401 0.005
1791639307.398 401 0.003
1791639307.899 401 0.004
1791639308.399 401 0.005
1791639308.899 401 0.005
1791639309.399 401 0.003
1791639309.900 401 0.006
1791639310.400 401 0.003
1791639310.900 401 0.005
1791639311.401 401 0.003
1791639311.901 401 0.005
1791639312.401 401 0.002
1791639312.901 401 0.005
1791639313.402 401 0.002
1791639313.902 401 0.005
1791639314.402 401 0.003
1791639314.902 401 0.007
1791639315.403 401 0.003
1791639315.903 401 0.005
1791639316.403 401 0.003
1791639316.903 401 0.006
1791639317.404 401 0.003
1791639317.904 401 0.005
1791639318.404 401 0.003
1791639318.904 401 0.006
1791639319.405 401 0.008
1791639319.905 401 0.004
1791639320.405 401 0.003
1791639320.905 401 0.005
1791639321.405 401 0.002
1791639321.906 401 0.004
1791639322.406 401 0.008
1791639322.906 401 0.003
1791639323.406 401 0.005
1791639323.906 401 0.003
1791639324.407 401 0.008
1791639324.907 401 0.003
1791639325.407 401 0.006
1791639325.907 401 0.004
1791639326.408 401 0.008
1791639326.908 401 0.006
1791639327.410 401 0.006
1791639327.911 401 0.003
1791639328.411 401 0.005
1791639328.911 401 0.003
1791639329.412 401 0.006
1791639329.912 401 0.007
1791639330.413 401 0.005
1791639330.913 401 0.004
1791639331.414 401 0.005
1791639331.914 401 0.003
1791639332.414 401 0.004
1791639332.915 401 0.005
1791639333.415 401 0.005
1791639333.915 401 0.003
1791639334.416 401 0.005
1791639334.916 401 0.005
1791639335.416 401 0.005
1791639335.917 401 0.003
1791639336.417 401 0.005
1791639336.917 401 0.003
1791639337.418 401 0.005
1791639337.919 401 0.006
1791639338.419 401 0.005
1791639338.919 401 0.003
1791639339.420 401 0.005
1791639339.920 401 0.003
1791639340.421 401 0.005
1791639340.921 401 0.003
1791639341.421 401 0.005
1791639341.922 401 0.003
1791639342.422 401 0.005
1791639342.923 401 0.004
1791639343.423 401 0.005
1791639343.923 401 0.003
1791639344.424 401 0.005
1791639344.924 401 0.003
1791639345.424 401 0.005
1791639345.924 401 0.003
1791639346.425 401 0.005
1791639346.925 401 0.003
1791639347.426 401 0.005
1791639347.926 401 0.005
1791639348.427 401 0.005
1791639348.927 401 0.003
1791639349.428 401 0.005
1791639349.928 401 0.004
1791639350.429 401 0.006
1791639350.929 401 0.005
1791639351.430 401 0.005
1791639351.930 401 0.003
1791639352.430 401 0.005
1791639352.931 401 0.003
1791639353.431 401 0.005
1791639353.931 401 0.003
1791639354.432 401 0.006
1791639354.932 401 0.003
1791639355.433 401 0.005
1791639355.934 401 0.005
1791639356.434 401 0.006
1791639356.934 401 0.004
1791639357.435 401 0.005
1791639357.935 401 0.003
1791639358.435 401 0.005
1791639358.936 401 0.005
1791639359.437 401 0.005
1791639359.937 401 0.003
1791639360.437 401 0.005
1791639360.938 401 0.003
1791639361.438 401 0.005
1791639361.938 401 0.002
1791639362.439 401 0.005
1791639362.939 401 0.004
1791639363.440 401 0.005
1791639363.940 401 0.004
1791639364.441 401 0.005
1791639364.941 401 0.003
1791639365.441 401 0.006
1791639365.942 401 0.003
1791639366.442 401 0.005
1791639366.942 401 0.003
1791639367.443 401 0.005
1791639367.943 401 0.004
1791639368.444 401 0.005
1791639368.944 401 0.003
1791639369.444 401 0.005
1791639369.944 401 0.003
1791639370.445 401 0.005
1791639370.945 401 0.003
1791639371.445 401 0.006
1791639371.946 401 0.004
1791639372.446 401 0.005
1791639372.946 401 0.003
1791639373.447 401 0.005
1791639373.947 401 0.003
1791639374.448 401 0.005
1791639374.948 401 0.003
1791639375.448 401 0.006
1791639375.949 401 0.002
1791639376.449 401 0.005
1791639376.950 401 0.005
1791639377.450 401 0.005
1791639377.950 401 0.003
1791639378.451 401 0.005
1791639378.951 401 0.003
1791639379.451 401 0.005
1791639379.952 401 0.005
1791639380.452 401 0.005
1791639380.953 401 0.003
1791639381.453 401 0.005
1791639381.953 401 0.003
1791639382.454 401 0.005
1791639382.954 401 0.003
1791639383.454 401 0.005
1791639383.954 401 0.003
1791639384.455 401 0.005
1791639384.955 401 0.004
1791639385.456 401 0.005
1791639385.956 401 0.004
1791639386.457 401 0.005
1791639386.957 401 0.003
1791639387.457 401 0.005
1791639387.957 401 0.003
1791639388.458 401 0.005
1791639388.958 401 0.003
1791639389.459 401 0.005
1791639389.959 401 0.005
1791639390.460 401 0.005
1791639390.960 401 0.003
1791639391.460 401 0.005
1791639391.960 401 0.003
1791639392.461 401 0.006
1791639392.961 401 0.005
1791639393.462 401 0.005
1791639393.962 401 0.003
1791639394.462 401 0.005
1791639394.962 401 0.003
1791639395.463 401 0.006
1791639395.963 401 0.003
1791639396.463 401 0.006
1791639396.963 401 0.003
1791639397.464 401 0.005
1791639397.964 401 0.006
1791639398.465 401 0.005
1791639398.966 401 0.005
1791639399.466 401 0.005
1791639399.966 401 0.004
1791639400.466 401 0.005
1791639400.967 401 0.006
1791639401.467 401 0.005
1791639401.968 401 0.003
1791639402.468 401 0.005
1791639402.968 401 0.005
1791639403.469 401 0.005
1791639403.969 401 0.003
1791639404.470 401 0.005
1791639404.970 401 0.003
1791639405.470 401 0.005
1791639405.971 401 0.005
1791639406.471 401 0.005
1791639406.971 401 0.003
1791639407.472 401 0.005
1791639407.972 401 0.003
1791639408.472 401 0.005
1791639408.973 401 0.005
1791639409.473 401 0.005
1791639409.973 401 0.003
1791639410.474 401 0.005
1791639410.975 401 0.006
1791639411.475 401 0.006
1791639411.975 401 0.003
1791639412.476 401 0.005
1791639412.976 401 0.003
1791639413.476 401 0.005
1791639413.976 401 0.003
1791639414.477 401 0.005
1791639414.977 401 0.005
1791639415.477 401 0.005
1791639415.977 401 0.003
1791639416.478 401 0.005
1791639416.978 401 0.003
1791639417.478 401 0.005
1791639417.978 401 0.004
1791639418.479 401 0.010
1791639418.979 401 0.004
