# guest clock (epoch s), HTTP status of GET https://127.0.0.1:2083/api/v1/panel/availability on the guest (or noanswer:<error class>), seconds the request took
1791639957.106 401 0.005
1791639957.607 401 0.006
1791639958.107 401 0.002
1791639958.608 401 0.006
1791639959.108 401 0.003
1791639959.610 401 0.008
1791639960.110 401 0.003
1791639960.610 401 0.006
1791639961.110 401 0.003
1791639961.611 401 0.006
1791639962.111 401 0.003
1791639962.612 401 0.006
1791639963.112 401 0.003
1791639963.613 401 0.006
1791639964.113 401 0.003
1791639964.614 401 0.008
1791639965.115 401 0.004
1791639965.615 401 0.005
1791639966.116 401 0.003
1791639966.616 401 0.005
1791639967.117 401 0.006
1791639967.618 401 0.008
1791639968.118 401 0.003
1791639968.619 401 0.006
1791639969.120 401 0.004
1791639969.621 401 0.008
1791639970.122 401 0.003
1791639970.624 401 0.008
1791639971.124 401 0.004
1791639971.625 401 0.006
1791639972.125 401 0.005
1791639972.626 401 0.006
1791639973.127 401 0.003
1791639973.627 401 0.005
1791639974.127 401 0.003
1791639974.629 401 0.006
1791639975.129 401 0.008
1791639975.631 401 0.006
1791639976.131 401 0.003
1791639976.631 401 0.005
1791639977.132 401 0.003
1791639977.633 401 0.010
1791639978.133 401 0.006
1791639978.635 401 0.010
1791639979.136 401 0.005
1791639979.636 401 0.014
1791639980.137 401 0.008
1791639980.638 401 0.011
1791639981.138 401 0.037
1791639981.639 401 0.007
1791639982.140 401 0.013
1791639982.645 401 0.013
1791639983.145 401 0.005
1791639983.646 401 0.004
1791639984.146 401 0.013
1791639984.647 401 0.008
1791639985.147 401 0.005
1791639985.648 401 0.006
1791639986.148 401 0.003
1791639986.649 401 0.011
1791639987.149 401 0.003
1791639987.650 401 0.008
1791639988.151 401 0.006
1791639988.651 401 0.010
1791639989.151 401 0.005
1791639989.652 401 0.015
1791639990.152 401 0.006
1791639990.652 401 0.008
1791639991.152 401 0.015
1791639991.653 401 0.007
1791639992.153 401 0.006
1791639992.662 401 0.023
1791639993.162 401 0.012
1791639993.662 401 0.028
1791639994.163 401 0.020
1791639994.664 401 0.039
1791639995.164 401 0.034
1791639995.688 401 0.037
1791639996.198 401 0.006
1791639996.699 401 0.021
1791639997.200 401 0.041
1791639997.702 401 0.020
1791639998.204 401 0.024
1791639998.708 401 0.010
1791639999.212 401 0.020
1791639999.713 401 0.024
1791640000.218 401 0.032
1791640000.719 401 0.034
1791640001.228 401 0.007
1791640001.729 401 0.028
1791640002.232 401 0.017
1791640002.733 401 0.022
1791640003.233 401 0.018
1791640003.734 401 0.021
1791640004.235 401 0.118
1791640004.736 401 0.044
1791640005.236 401 0.006
1791640005.737 401 0.024
1791640006.238 401 0.013
1791640006.740 401 0.022
1791640007.240 401 0.013
1791640007.741 401 0.017
1791640008.242 401 0.008
1791640008.743 401 0.021
1791640009.249 401 0.006
1791640009.752 401 0.025
1791640010.253 401 0.022
1791640010.770 401 0.036
1791640011.271 401 0.052
1791640011.772 401 0.097
1791640012.273 401 0.079
1791640012.774 401 0.045
1791640013.274 401 0.039
1791640013.775 401 0.047
1791640014.276 401 0.053
1791640014.776 401 0.023
1791640015.277 401 0.090
1791640015.777 401 0.010
1791640016.278 401 0.045
1791640016.779 401 0.075
1791640017.280 401 0.040
1791640017.781 401 0.102
1791640018.281 401 0.033
1791640018.782 401 0.055
1791640019.283 401 0.045
1791640019.783 401 0.051
1791640020.283 401 0.080
1791640020.784 401 0.071
1791640021.284 401 0.043
1791640021.785 401 0.061
1791640022.287 401 0.017
1791640022.788 401 0.033
1791640023.297 401 0.146
1791640023.800 401 0.052
1791640024.303 401 0.050
1791640024.804 401 0.071
1791640025.304 401 0.078
1791640025.805 401 0.057
1791640026.306 401 0.066
1791640026.813 401 0.029
1791640027.313 401 0.007
1791640027.814 401 0.028
1791640028.314 401 0.014
1791640028.814 401 0.007
1791640029.315 401 0.007
1791640029.816 401 0.038
1791640030.335 401 0.013
1791640030.835 401 0.006
1791640031.336 401 0.025
1791640031.839 401 0.023
1791640032.341 401 0.009
1791640032.841 401 0.021
1791640033.342 401 0.011
1791640033.848 401 0.029
1791640034.348 401 0.026
1791640034.852 401 0.023
1791640035.353 401 0.015
1791640035.854 401 0.032
1791640036.356 401 0.053
1791640036.857 401 0.033
1791640037.358 401 0.006
1791640037.859 401 0.030
1791640038.359 401 0.006
1791640038.860 401 0.010
1791640039.360 401 0.018
1791640039.861 401 0.025
1791640040.361 401 0.013
1791640040.862 401 0.010
1791640041.363 401 0.034
1791640041.864 401 0.025
1791640042.366 401 0.010
1791640042.866 401 0.019
1791640043.367 401 0.006
1791640043.868 401 0.023
1791640044.368 401 0.017
1791640044.869 401 0.009
1791640045.371 401 0.012
1791640045.873 401 0.035
1791640046.373 401 0.014
1791640046.874 401 0.093
1791640047.374 401 0.032
1791640047.877 401 0.086
1791640048.378 401 0.015
1791640048.878 401 0.086
1791640049.380 401 0.161
1791640049.881 401 0.086
1791640050.382 401 0.095
1791640050.883 401 0.066
1791640051.384 401 0.035
1791640051.886 401 0.028
1791640052.386 401 0.008
1791640052.887 401 0.023
1791640053.388 401 0.056
1791640053.890 401 0.075
1791640054.390 401 0.016
1791640054.891 401 0.036
1791640055.391 401 0.020
1791640055.893 401 0.052
1791640056.393 401 0.035
1791640056.895 401 0.025
1791640057.396 401 0.081
1791640057.897 401 0.020
1791640058.398 401 0.108
1791640058.899 401 0.187
1791640059.400 401 0.132
1791640059.904 401 0.103
1791640060.407 401 0.036
1791640060.908 401 0.061
1791640061.411 401 0.196
1791640061.912 401 0.088
1791640062.412 401 0.092
1791640062.913 401 0.093
1791640063.414 401 0.180
1791640063.915 401 0.092
1791640064.416 401 0.124
1791640064.919 401 0.092
1791640065.419 401 0.017
1791640065.922 401 0.005
1791640066.422 noanswer:URLError 2.007
1791640068.429 noanswer:URLError 0.137
1791640068.930 noanswer:URLError 0.001
1791640069.434 noanswer:URLError 0.013
1791640069.941 noanswer:URLError 0.006
1791640070.443 noanswer:URLError 0.021
1791640070.944 noanswer:URLError 0.281
1791640071.444 noanswer:URLError 0.001
1791640071.948 noanswer:URLError 0.002
1791640072.449 noanswer:URLError 0.005
1791640072.949 noanswer:URLError 0.012
1791640073.450 noanswer:URLError 0.001
1791640073.956 noanswer:URLError 0.089
1791640074.457 noanswer:URLError 0.003
1791640074.957 noanswer:URLError 0.001
1791640075.457 noanswer:URLError 0.001
1791640075.958 noanswer:URLError 0.004
1791640076.458 noanswer:URLError 0.006
1791640076.958 noanswer:URLError 0.001
1791640077.460 noanswer:URLError 0.099
1791640077.967 noanswer:URLError 0.005
1791640078.468 noanswer:URLError 0.001
1791640078.968 noanswer:URLError 0.001
1791640079.469 noanswer:URLError 0.001
1791640079.970 noanswer:URLError 0.008
1791640080.475 noanswer:URLError 0.004
1791640080.976 noanswer:URLError 0.009
1791640081.476 noanswer:URLError 0.004
1791640081.977 noanswer:URLError 0.004
1791640082.477 noanswer:URLError 0.006
1791640082.977 noanswer:URLError 0.003
1791640083.485 noanswer:URLError 0.006
1791640083.987 noanswer:URLError 0.001
1791640084.487 noanswer:URLError 0.010
1791640084.988 noanswer:URLError 0.003
1791640085.488 noanswer:URLError 0.005
1791640085.995 noanswer:URLError 0.001
1791640086.496 noanswer:URLError 0.004
1791640086.997 noanswer:URLError 0.001
1791640087.500 noanswer:URLError 0.003
1791640088.001 noanswer:URLError 0.007
1791640088.501 noanswer:URLError 0.003
1791640089.001 noanswer:URLError 0.001
1791640089.502 noanswer:URLError 0.014
1791640090.002 noanswer:URLError 0.001
1791640090.502 noanswer:URLError 0.004
1791640091.004 noanswer:URLError 0.004
1791640091.504 noanswer:URLError 0.003
1791640092.004 noanswer:URLError 0.006
1791640092.504 noanswer:URLError 0.004
1791640093.005 noanswer:URLError 0.003
1791640093.506 noanswer:URLError 0.009
1791640094.006 noanswer:URLError 0.001
1791640094.508 noanswer:URLError 0.004
1791640095.008 noanswer:URLError 0.007
1791640095.509 noanswer:URLError 0.005
1791640096.010 noanswer:URLError 0.006
1791640096.512 noanswer:URLError 0.003
1791640097.024 noanswer:URLError 0.005
1791640097.525 noanswer:URLError 0.005
1791640098.029 noanswer:URLError 0.006
1791640098.530 noanswer:URLError 0.005
1791640099.030 noanswer:URLError 0.006
1791640099.531 noanswer:URLError 0.007
1791640100.035 noanswer:URLError 0.026
1791640100.536 noanswer:URLError 0.021
1791640101.042 noanswer:URLError 0.002
1791640101.543 noanswer:URLError 0.010
1791640102.044 noanswer:URLError 0.007
1791640102.545 noanswer:URLError 0.005
1791640103.045 noanswer:URLError 0.002
1791640103.546 noanswer:URLError 0.016
1791640104.047 noanswer:URLError 0.006
1791640104.547 noanswer:URLError 0.002
1791640105.047 noanswer:URLError 0.001
1791640105.552 noanswer:URLError 0.005
1791640106.057 noanswer:URLError 0.017
1791640106.558 noanswer:URLError 0.005
1791640107.059 noanswer:URLError 0.002
1791640107.561 noanswer:URLError 0.004
1791640108.062 noanswer:URLError 0.001
1791640108.566 noanswer:URLError 0.004
1791640109.066 noanswer:URLError 0.001
1791640109.567 noanswer:URLError 0.005
1791640110.067 noanswer:URLError 0.001
1791640110.574 noanswer:URLError 0.003
1791640111.075 noanswer:URLError 0.006
1791640111.576 noanswer:URLError 0.008
1791640112.077 noanswer:URLError 0.002
1791640112.593 noanswer:URLError 0.004
1791640113.093 noanswer:URLError 0.004
1791640113.594 noanswer:URLError 0.003
1791640114.095 noanswer:URLError 0.001
1791640114.596 noanswer:URLError 0.004
1791640115.097 noanswer:URLError 0.004
1791640115.598 noanswer:URLError 0.004
1791640116.098 noanswer:URLError 0.003
1791640116.600 noanswer:URLError 0.004
1791640117.100 noanswer:URLError 0.005
1791640117.602 noanswer:URLError 0.012
1791640118.105 noanswer:URLError 0.001
1791640118.608 noanswer:URLError 0.007
1791640119.109 noanswer:URLError 0.004
1791640119.609 noanswer:URLError 0.002
1791640120.110 noanswer:URLError 0.001
1791640120.611 noanswer:URLError 0.003
1791640121.111 noanswer:URLError 0.001
1791640121.617 noanswer:URLError 0.002
1791640122.118 noanswer:URLError 0.014
1791640122.618 noanswer:URLError 0.008
1791640123.119 noanswer:URLError 0.009
1791640123.620 noanswer:URLError 0.008
1791640124.129 noanswer:URLError 0.012
1791640124.629 noanswer:URLError 0.004
1791640125.130 noanswer:URLError 0.004
1791640125.631 noanswer:URLError 0.005
1791640126.132 noanswer:URLError 0.003
1791640126.633 noanswer:URLError 0.004
1791640127.134 noanswer:URLError 0.004
1791640127.634 noanswer:URLError 0.005
1791640128.135 noanswer:URLError 0.003
1791640128.636 noanswer:URLError 0.004
1791640129.136 noanswer:URLError 0.003
1791640129.636 noanswer:URLError 0.001
1791640130.137 noanswer:URLError 0.003
1791640130.637 noanswer:URLError 0.003
1791640131.139 noanswer:URLError 0.003
1791640131.640 noanswer:URLError 0.008
1791640132.140 noanswer:URLError 0.001
1791640132.640 noanswer:URLError 0.004
1791640133.141 noanswer:URLError 0.007
1791640133.641 noanswer:URLError 0.004
1791640134.142 noanswer:URLError 0.004
1791640134.642 noanswer:URLError 0.004
1791640135.143 noanswer:URLError 0.001
1791640135.643 noanswer:URLError 0.003
1791640136.144 noanswer:URLError 0.001
1791640136.644 noanswer:URLError 0.003
1791640137.148 noanswer:URLError 0.007
1791640137.648 noanswer:URLError 0.003
1791640138.149 noanswer:URLError 0.001
1791640138.650 noanswer:URLError 0.006
1791640139.152 noanswer:URLError 0.001
1791640139.658 noanswer:URLError 0.003
1791640140.158 noanswer:URLError 0.001
1791640140.661 noanswer:URLError 0.004
1791640141.161 noanswer:URLError 0.001
1791640141.661 noanswer:URLError 0.001
1791640142.162 noanswer:URLError 0.002
1791640142.663 noanswer:URLError 0.002
1791640143.163 noanswer:URLError 0.012
1791640143.664 noanswer:URLError 0.012
1791640144.164 noanswer:URLError 0.001
1791640144.664 noanswer:URLError 0.003
1791640145.165 noanswer:URLError 0.001
1791640145.666 noanswer:URLError 0.002
1791640146.171 noanswer:URLError 0.001
1791640146.677 noanswer:URLError 0.007
1791640147.178 noanswer:URLError 0.003
1791640147.679 noanswer:URLError 0.003
1791640148.182 noanswer:URLError 0.001
1791640148.683 noanswer:URLError 0.004
1791640149.183 noanswer:URLError 0.001
1791640149.685 noanswer:URLError 0.005
1791640150.185 noanswer:URLError 0.001
1791640150.686 noanswer:URLError 0.001
1791640151.186 noanswer:URLError 0.001
1791640151.686 noanswer:URLError 0.003
1791640152.187 noanswer:URLError 0.001
1791640152.688 noanswer:URLError 0.004
1791640153.188 noanswer:URLError 0.001
1791640153.689 noanswer:URLError 0.003
1791640154.189 noanswer:URLError 0.001
1791640154.691 noanswer:URLError 0.003
1791640155.191 401 0.007
1791640155.692 401 0.009
1791640156.192 401 0.005
1791640156.693 401 0.004
1791640157.193 401 0.003
1791640157.693 401 0.004
1791640158.194 401 0.004
1791640158.694 401 0.005
1791640159.194 401 0.004
1791640159.695 401 0.009
1791640160.196 401 0.005
1791640160.696 401 0.006
1791640161.196 401 0.003
1791640161.696 401 0.006
1791640162.197 401 0.005
1791640162.697 401 0.007
1791640163.197 401 0.003
1791640163.697 401 0.005
1791640164.202 401 0.040
1791640164.703 401 0.004
1791640165.203 401 0.005
1791640165.703 401 0.006
1791640166.203 401 0.003
1791640166.704 401 0.010
1791640167.204 401 0.004
1791640167.705 401 0.004
1791640168.205 401 0.003
1791640168.705 401 0.004
1791640169.206 401 0.003
1791640169.707 401 0.006
1791640170.207 401 0.003
1791640170.708 401 0.006
1791640171.208 401 0.004
1791640171.709 401 0.006
1791640172.209 401 0.005
1791640172.710 401 0.005
1791640173.210 401 0.003
1791640173.711 401 0.004
1791640174.211 401 0.003
1791640174.711 401 0.004
1791640175.212 401 0.005
1791640175.713 401 0.006
1791640176.213 401 0.003
1791640176.714 401 0.005
1791640177.214 401 0.005
1791640177.715 401 0.007
1791640178.215 401 0.004
1791640178.716 401 0.005
1791640179.216 401 0.006
1791640179.717 401 0.005
1791640180.217 401 0.003
1791640180.717 401 0.005
1791640181.218 401 0.002
1791640181.718 401 0.004
1791640182.218 401 0.003
1791640182.719 401 0.005
1791640183.219 401 0.005
1791640183.720 401 0.004
1791640184.220 401 0.003
1791640184.721 401 0.005
1791640185.222 401 0.003
1791640185.722 401 0.005
1791640186.222 401 0.003
1791640186.723 401 0.004
1791640187.223 401 0.003
1791640187.723 401 0.004
1791640188.223 401 0.004
1791640188.724 401 0.004
1791640189.224 401 0.002
1791640189.725 401 0.004
1791640190.225 401 0.003
1791640190.725 401 0.003
1791640191.226 401 0.005
1791640191.726 401 0.005
1791640192.226 401 0.003
1791640192.726 401 0.004
1791640193.227 401 0.003
1791640193.727 401 0.003
1791640194.227 401 0.003
1791640194.728 401 0.005
1791640195.228 401 0.002
1791640195.728 401 0.005
1791640196.228 401 0.005
1791640196.729 401 0.004
1791640197.229 401 0.003
1791640197.730 401 0.005
1791640198.230 401 0.003
1791640198.731 401 0.005
1791640199.231 401 0.003
1791640199.732 401 0.005
1791640200.232 401 0.003
1791640200.733 401 0.005
1791640201.233 401 0.003
1791640201.734 401 0.005
1791640202.234 401 0.003
1791640202.735 401 0.010
1791640203.235 401 0.003
1791640203.736 401 0.005
1791640204.237 401 0.005
1791640204.738 401 0.005
1791640205.238 401 0.003
1791640205.738 401 0.006
1791640206.239 401 0.003
1791640206.740 401 0.006
1791640207.241 401 0.003
1791640207.741 401 0.005
1791640208.241 401 0.003
1791640208.742 401 0.005
1791640209.243 401 0.005
1791640209.743 401 0.004
1791640210.244 401 0.003
1791640210.744 401 0.005
1791640211.245 401 0.004
1791640211.745 401 0.006
1791640212.246 401 0.008
1791640212.747 401 0.007
1791640213.247 401 0.005
1791640213.748 401 0.006
1791640214.248 401 0.003
1791640214.749 401 0.006
1791640215.249 401 0.004
1791640215.750 401 0.006
1791640216.250 401 0.004
1791640216.751 401 0.010
1791640217.251 401 0.005
1791640217.752 401 0.011
1791640218.253 401 0.004
1791640218.754 401 0.010
1791640219.254 401 0.004
1791640219.755 401 0.006
1791640220.255 401 0.006
1791640220.756 401 0.007
1791640221.256 401 0.003
1791640221.757 401 0.005
1791640222.257 401 0.004
1791640222.758 401 0.009
1791640223.258 401 0.003
1791640223.759 401 0.008
1791640224.260 401 0.003
1791640224.761 401 0.008
1791640225.261 401 0.007
1791640225.762 401 0.010
1791640226.262 401 0.004
1791640226.763 401 0.006
1791640227.263 401 0.003
1791640227.765 401 0.010
1791640228.266 401 0.009
1791640228.767 401 0.007
1791640229.267 401 0.004
1791640229.768 401 0.010
1791640230.268 401 0.005
1791640230.769 401 0.005
1791640231.269 401 0.005
1791640231.770 401 0.007
1791640232.270 401 0.005
1791640232.771 401 0.007
1791640233.272 401 0.006
1791640233.773 401 0.007
1791640234.273 401 0.004
1791640234.774 401 0.009
1791640235.274 401 0.005
1791640235.775 401 0.014
1791640236.275 401 0.004
1791640236.776 401 0.005
1791640237.276 401 0.004
1791640237.777 401 0.008
1791640238.277 401 0.005
1791640238.778 401 0.010
1791640239.278 401 0.005
1791640239.780 401 0.011
1791640240.280 401 0.005
1791640240.781 401 0.006
1791640241.281 401 0.013
1791640241.782 401 0.011
1791640242.283 401 0.004
1791640242.784 401 0.006
1791640243.284 401 0.003
1791640243.784 401 0.005
1791640244.285 401 0.006
1791640244.786 401 0.006
1791640245.286 401 0.004
1791640245.788 401 0.010
1791640246.288 401 0.005
1791640246.789 401 0.008
1791640247.289 401 0.004
1791640247.789 401 0.003
1791640248.289 401 0.003
1791640248.790 401 0.005
1791640249.290 401 0.005
1791640249.791 401 0.009
1791640250.292 401 0.004
1791640250.793 401 0.008
1791640251.293 401 0.004
1791640251.794 401 0.008
1791640252.295 401 0.011
1791640252.796 401 0.007
1791640253.296 401 0.004
1791640253.797 401 0.009
1791640254.299 401 0.012
1791640254.800 401 0.022
1791640255.301 401 0.027
1791640255.802 401 0.025
1791640256.303 401 0.016
1791640256.804 401 0.018
1791640257.304 401 0.012
1791640257.806 401 0.008
1791640258.306 401 0.005
1791640258.807 401 0.009
1791640259.308 401 0.004
1791640259.808 401 0.006
1791640260.309 401 0.008
1791640260.810 401 0.009
1791640261.310 401 0.005
1791640261.810 401 0.005
1791640262.311 401 0.004
1791640262.812 401 0.008
1791640263.312 401 0.007
1791640263.813 401 0.010
1791640264.314 401 0.007
1791640264.815 401 0.007
1791640265.315 401 0.006
